2.86102294922e-06
5.00679016113e-06
7.86781311035e-06
1.59740447998e-05
2.78949737549e-05
3.69548797607e-05
5.10215759277e-05
6.5803527832e-05
8.9168548584e-05
0.000108957290649
0.000140190124512
0.000158786773682
0.000196933746338
0.000216960906982
0.000258922576904
0.000274896621704
0.000365972518921
0.000354051589966
0.000484943389893
0.00065016746521
0.000744819641113
0.000590085983276
0.000633955001831
0.000674962997437
0.000725030899048
0.000822067260742
0.000939846038818
0.000916957855225
0.000941038131714
0.00106310844421
0.00111603736877
0.00136494636536
0.00118803977966
0.00132489204407
0.00168490409851
0.00167107582092
0.00154399871826
0.00164890289307
0.001708984375
0.00183010101318
0.00189614295959
0.00202202796936
0.00200796127319
0.00216507911682
0.00220990180969
0.00241899490356
0.00246405601501
0.00352907180786
0.00286412239075
0.0028829574585
0.00322198867798
0.00308799743652
0.00317788124084
0.00338792800903
0.00353097915649
0.00359606742859
0.00451612472534
0.00389194488525
0.00398802757263
0.00413680076599
0.00413608551025
0.00431895256042
0.0045599937439
0.00557518005371
0.00485014915466
0.00500416755676
0.0051109790802
0.00519704818726
0.00575995445251
0.00599813461304
0.00578498840332
0.00578212738037
0.00604104995728
0.00704717636108
0.00652003288269
0.00670194625854
0.00708103179932
0.00711297988892
0.00808691978455
0.00740194320679
0.00743389129639
0.00761103630066
0.00859498977661
0.00813007354736
0.00833702087402
0.00917315483093
0.0088210105896
0.00871777534485
0.00954508781433
0.00969219207764
0.00941491127014
0.00978899002075
0.0107378959656
0.0100090503693
0.0102541446686
0.0113458633423
0.0110890865326
0.0119199752808
0.0114328861237
0.011538028717
0.0126399993896
0.0121750831604
0.0128538608551
0.0141539573669
0.0130140781403
0.0145049095154
0.0134339332581
0.0142750740051
0.0139698982239
0.0151410102844
0.0140829086304
0.0153410434723
0.015034198761
0.0162391662598
0.0149531364441
0.0167028903961
0.0153269767761
0.0170438289642
0.015918970108
0.0170440673828
0.0180649757385
0.0172469615936
0.0183839797974
0.0176749229431
0.0191268920898
0.0191760063171
0.0185129642487
0.0199639797211
0.0204269886017
0.0202038288116
0.0208411216736
0.0212068557739
0.0220627784729
0.0220620632172
0.0220260620117
0.0214529037476
0.0225620269775
0.0225620269775
0.0234949588776
0.02321600914
0.0233991146088
0.0243270397186
0.024570941925
0.0246269702911
0.0247039794922
0.0258829593658
0.0261368751526
0.0259490013123
0.0267970561981
0.0271701812744
0.0275070667267
0.0272538661957
0.0298490524292
0.0293669700623
0.028951883316
0.0291481018066
0.029237985611
0.0298271179199
0.0304820537567
0.0307350158691
0.0312230587006
0.0308630466461
0.0312569141388
0.0317091941833
0.0320739746094
0.0320358276367
0.0322799682617
0.0338017940521
0.0336008071899
0.0343220233917
0.0335850715637
0.0349690914154
0.0350391864777
0.0361390113831
0.0367209911346
0.0365710258484
0.037202835083
0.0374729633331
0.0373640060425
0.0378029346466
0.0385808944702
0.039128780365
0.0400187969208
0.0396740436554
0.0399799346924
0.0404410362244
0.0410330295563
0.0415740013123
0.0416169166565
0.041718006134
0.0426180362701
0.0431289672852
0.043053150177
0.0450270175934
0.0443999767303
0.0451128482819
0.0456371307373
0.0461070537567
0.0467960834503
0.0483548641205
0.0474319458008
0.0473730564117
0.0482230186462
0.0489509105682
0.0493099689484
0.0493409633636
0.0509729385376
0.0507349967957
0.0509748458862
0.05166888237
0.0524621009827
0.0525979995728
0.0524289608002
0.0542368888855
0.0538651943207
0.0548009872437
0.0548329353333
0.0555701255798
0.0559780597687
0.0563750267029
0.0581579208374
0.0576829910278
0.0598328113556
0.0586137771606
0.0587711334229
0.0593161582947
0.0607879161835
0.0614590644836
0.0613059997559
0.0610439777374
0.0635249614716
0.0640699863434
0.0644590854645
0.0640289783478
0.0648181438446
0.064857006073
0.0668830871582
0.0671761035919
0.0698881149292
0.123766899109
0.12286400795
0.123524904251
0.127129077911
0.12419295311
0.126804828644
0.127254962921
0.131947994232
0.130527019501
0.132302045822
0.132637023926
0.133801937103
0.114890098572
0.0758440494537
0.0770080089569
0.0771970748901
0.0778341293335
0.077712059021
0.0780580043793
0.0788869857788
0.0792961120605
0.0797410011292
0.080904006958
0.079726934433
0.0810070037842
0.0816359519958
0.0821399688721
0.0847918987274
0.0861051082611
0.0845069885254
0.0874419212341
0.087956905365
0.0859339237213
0.0881009101868
0.0888071060181
0.0877449512482
0.090283870697
0.0890290737152
0.0912668704987
0.0919091701508
0.135591983795
0.166812896729
0.166266918182
0.171469926834
0.0960011482239
0.0942749977112
0.0952529907227
0.0979809761047
0.0979030132294
0.0979249477386
0.0983009338379
0.0980370044708
0.0987780094147
0.0987529754639
0.103206157684
0.101999044418
0.10203909874
0.10479092598
0.103068113327
0.104380846024
0.105791091919
0.107110977173
0.10840511322
0.107744932175
0.110008001328
0.107850074768
0.111416101456
0.112949848175
0.109302043915
0.111109972
0.11397600174
0.114279985428
0.112822055817
0.115375041962
0.117372989655
0.117383003235
0.11804485321
0.118458032608
0.120290994644
0.118968963623
0.120463848114
0.121607065201
0.121505022049
0.124974012375
0.12204003334
0.123205900192
0.123873949051
0.126469135284
0.126469135284
0.132063150406
0.134463787079
0.131384134293
0.129036903381
0.132201910019
0.130436897278
0.131264209747
0.134378194809
0.134775161743
0.135792970657
0.139923095703
0.134851932526
0.137706041336
0.137820959091
0.136374950409
0.140151023865
0.14172410965
0.141042947769
0.142684936523
0.141759157181
0.14400100708
0.145688056946
0.14469909668
0.146316051483
0.149693012238
0.147765874863
0.147546052933
0.150375127792
0.149938821793
0.14995598793
0.152107954025
0.152308940887
0.154066801071
0.154936075211
0.155118942261
0.158087015152
0.158513069153
0.15783905983
0.158546924591
0.158972024918
0.161292076111
0.162651062012
0.163807868958
0.162739038467
0.163343906403
0.165511131287
0.165611982346
0.16859793663
0.169797897339
0.170329093933
0.169806957245
0.171358823776
0.175357103348
0.175395011902
0.175271987915
0.175630807877
0.174153089523
0.177302122116
0.174194097519
0.177421092987
0.181850910187
0.181874990463
0.179973840714
0.181907892227
0.186794996262
0.191987991333
0.185297012329
0.184766054153
0.18467092514
0.188632011414
0.188403844833
0.194918870926
0.190237045288
0.1937520504
0.19175696373
0.193733930588
0.198246002197
0.201556921005
0.198914051056
0.197604894638
0.198051929474
0.205047130585
0.202430963516
0.202798128128
0.203387975693
0.202219009399
0.208930015564
0.204540014267
0.206331014633
0.209896087646
0.207995891571
0.213839054108
0.2090280056
0.212163925171
0.21287894249
0.219907045364
0.214974164963
0.215157985687
0.215616941452
0.221760034561
0.219501018524
0.222414970398
0.217594146729
0.222575187683
0.226556062698
0.224881887436
0.223867177963
0.226469039917
0.229411840439
0.228776931763
0.228704929352
0.230166196823
0.231233119965
0.241175174713
0.234434843063
0.236979007721
0.235241889954
0.237673044205
0.243115901947
0.243517160416
0.239362955093
0.244915962219
0.251171112061
0.245762109756
0.242896080017
0.246716022491
0.246442079544
0.247651100159
0.24796795845
0.254413127899
0.251729011536
0.253916978836
0.251924991608
0.26143693924
0.259191989899
0.258238077164
0.257193088531
0.262943983078
0.258516788483
0.262239933014
0.263401031494
0.267688035965
0.264178037643
0.266163110733
0.266868829727
0.27458190918
0.268303871155
0.269280195236
0.272547006607
0.27411198616
0.270331144333
0.278716087341
0.283468961716
0.280217885971
0.27531003952
0.28080701828
0.281482934952
0.283359050751
0.280936956406
0.284058094025
0.281355857849
0.289587020874
0.2893679142
0.290758132935
0.288834810257
0.293131113052
0.293122053146
0.295552015305
0.300456047058
0.297298192978
0.29406785965
0.307334899902
0.299524068832
0.302931785583
0.303928136826
0.302872180939
0.305355072021
0.304298877716
0.3067882061
0.310579061508
0.311709165573
0.310396909714
0.311821937561
0.316841840744
0.314254999161
0.32039809227
0.315867900848
0.317193031311
0.320055007935
0.330811977386
0.326533079147
0.323709011078
0.322775840759
0.326646089554
0.325680017471
0.32794213295
0.326539993286
0.338807106018
0.328227043152
0.331361055374
0.335743904114
0.338414907455
0.340250968933
0.3354139328
0.339974164963
0.341408014297
0.343187093735
0.342978000641
0.345466136932
0.349630117416
0.347368955612
0.348163843155
0.3485019207
0.357222080231
0.352509975433
0.360776185989
0.356355190277
0.355293989182
0.355911016464
0.35777592659
0.359319925308
0.359600067139
0.363708019257
0.364298820496
0.366909980774
0.365846157074
0.376351118088
0.372080802917
0.371021032333
0.377836942673
0.376351118088
0.379954099655
0.374678134918
0.375423908234
0.381302118301
0.382170915604
0.38095498085
0.385690927505
0.383750915527
0.393931865692
0.38877415657
0.386435985565
0.398108005524
0.394572019577
0.405183076859
0.389757871628
0.39705991745
0.401170969009
0.401109933853
0.405138015747
0.402700185776
0.402308940887
0.40839099884
0.404731035233
0.416024923325
0.411717891693
0.411322116852
0.412966966629
0.415726184845
0.428227901459
0.423676967621
0.42483496666
0.422857999802
0.425384998322
0.428697109222
0.41867685318
0.431483030319
0.424731969833
0.434753894806
0.429226875305
0.428152084351
0.434793949127
0.43198800087
0.448274850845
0.443258047104
0.449251174927
0.436597108841
0.449158191681
0.455918073654
0.444092988968
0.442822933197
0.462321996689
0.46325802803
0.45371389389
0.458295822144
0.485221147537
0.502191781998
0.50848698616
0.504426956177
0.508590936661
0.509721040726
0.511189937592
0.515124082565
0.476634979248
0.470096111298
0.465396165848
0.47004699707
0.470003843307
0.481434106827
0.470012903214
0.479727983475
0.487977027893
0.536767959595
0.533102989197
0.53794503212
0.536495923996
0.53592300415
0.544892072678
0.541948080063
0.491095066071
0.500267028809
0.489679813385
0.512398004532
0.510385990143
0.506972074509
0.499987125397
0.50606918335
0.512382030487
0.559371948242
0.564066171646
0.55855512619
0.561373233795
1.12358617783
0.679235935211
0.526297092438
0.516782999039
0.516361951828
0.525331020355
0.523330926895
0.526787042618
0.525919914246
0.529150009155
0.526517868042
0.539870977402
0.530455827713
0.548621892929
0.529389858246
0.544895887375
0.536029100418
0.538949012756
0.543600082397
0.544777154922
0.545026063919
0.545827865601
0.543623924255
0.546821117401
0.552606105804
0.551960945129
0.549640893936
0.554620027542
0.549673080444
0.562160968781
0.560657024384
0.565776824951
0.563308000565
0.564649105072
0.567092895508
0.565788030624
0.575366973877
0.585967063904
0.567049026489
0.569684028625
0.580154180527
0.576303005219
0.579087972641
0.867928981781
1.05274510384
0.695748806
0.583141088486
0.585139989853
0.588611125946
0.593638896942
0.596905231476
0.590061187744
0.597035169601
0.599081039429
0.600706100464
0.598226070404
0.637943983078
0.67400097847
0.67688202858
0.676117897034
0.672143936157
1.12192678452
0.610574960709
0.621129989624
0.625791072845
0.621651887894
0.616952896118
0.614902019501
0.624809026718
0.62738609314
0.624716043472
0.634423017502
0.637691020966
0.637017011642
0.650698900223
0.656420946121
0.647075891495
0.638164997101
0.641885995865
0.860975027084
0.804944038391
0.642554044724
0.648305892944
0.659622192383
0.647590875626
0.668919086456
0.661039113998
0.650718212128
0.656427145004
0.652001857758
0.665156126022
0.674065113068
0.669067144394
0.668095827103
0.670727968216
0.676954984665
0.677940130234
0.681139945984
0.681637048721
0.690233945847
0.71502995491
0.698045015335
0.688998937607
0.704133987427
0.701835155487
0.690941810608
0.692538976669
0.704754114151
0.949404001236
0.784487009048
0.699326038361
0.710057020187
0.710163116455
0.860835075378
0.825176954269
0.723877191544
0.71611905098
0.725228071213
0.723880052567
0.720185041428
0.730871915817
0.723873138428
0.723479986191
0.729966163635
0.734549045563
0.741488933563
0.755707025528
0.793210983276
0.774163007736
0.967533826828
1.34112381935
0.769534826279
0.743825912476
0.746507167816
0.750319004059
0.753900051117
0.758238077164
0.753499984741
0.750882148743
1.08127403259
0.758040189743
0.765717029572
0.76424908638
0.768460988998
0.794982910156
0.849104166031
0.891645908356
2.36391496658
0.778062820435
0.776350021362
0.790793180466
0.782971143723
0.78753900528
0.786936044693
0.793421983719
0.793722867966
0.887862920761
1.07554507256
0.803201198578
0.795536994934
0.8046438694
0.807331085205
0.805832862854
0.798561811447
0.812496900558
0.800115823746
1.24565291405
1.24434876442
0.818462848663
0.81812787056
0.822993993759
0.820282936096
0.82567691803
0.820542097092
0.834849834442
0.830171823502
0.832047939301
0.82995891571
0.833883047104
0.832782030106
0.847791194916
0.838709115982
0.844434976578
0.852197885513
1.19367790222
1.23780679703
0.856498003006
0.862452983856
1.34865999222
1.23345088959
0.856695890427
0.933302164078
1.55207204819
0.970690965652
0.879033088684
0.871214151382
0.875768899918
0.875748157501
0.877245903015
0.8737180233
0.874280929565
0.970675945282
0.98689699173
0.986770153046
0.985883951187
0.890149116516
0.891164064407
0.902355909348
0.896669864655
0.964694976807
0.997831106186
1.00927710533
1.69285583496
0.904389858246
0.913243770599
0.919486999512
0.921635150909
0.933112859726
0.9334461689
0.931803941727
0.946946144104
0.936706066132
0.95592212677
0.969774961472
1.18479800224
1.54935789108
0.938874006271
0.940030097961
0.94549202919
0.9424700737
1.10684704781
1.31326293945
1.18141889572
0.954213142395
0.965533018112
0.982284069061
0.988606929779
0.972229957581
1.00370001793
1.01244306564
1.01754808426
1.00047302246
1.06046009064
1.0128159523
1.03914213181
1.0235440731
0.986746072769
0.987566947937
0.987360954285
0.987622022629
0.991095781326
0.998298168182
0.997910022736
1.02745294571
1.00446009636
1.00078511238
1.00647091866
1.00424599648
1.01086997986
1.0040140152
1.00935411453
1.01692295074
1.01016688347
1.01844501495
1.02169799805
1.02538990974
1.02909207344
1.0450668335
1.13479495049
1.1564040184
1.15902113914
1.08537983894
1.04699015617
1.04719519615
1.06003499031
1.1852657795
1.17588591576
1.20326018333
2.9490981102
2.39053010941
1.07225704193
1.07243990898
1.0831182003
1.08429884911
1.07262587547
1.06621289253
1.07978606224
1.08085680008
1.07506990433
1.09599804878
1.09893989563
1.09106206894
1.09596681595
1.09665298462
1.10046505928
1.10567903519
1.10933613777
1.12305092812
1.1033949852
1.11425089836
1.11145114899
1.14084386826
1.3028819561
1.28038191795
1.1985578537
1.14879393578
1.13890886307
1.12239718437
1.24319601059
3.04047989845
1.15832686424
1.15306901932
1.17516899109
1.17705202103
1.15507316589
1.16706299782
1.13778805733
1.13659095764
1.14486384392
1.15015602112
1.15891695023
1.15942287445
1.16562581062
1.16151499748
1.22274494171
1.25776720047
1.21824097633
1.24335718155
1.20487499237
1.28517794609
1.32637000084
1.35952091217
1.32502198219
1.18847298622
1.20949101448
1.20116591454
2.54705715179
2.081346035
1.22141504288
1.22788500786
1.22997403145
1.2332470417
1.23136210442
1.22534179688
1.22163105011
1.24084019661
1.22080612183
1.23379802704
1.26625299454
1.29367899895
1.3001101017
1.26103997231
1.25780200958
1.24485993385
1.25217700005
1.24873590469
1.25082707405
1.38416099548
1.39582109451
1.40529513359
1.29003310204
1.2541680336
1.3113720417
3.60529208183
1.46527791023
1.28622102737
1.76447987556
1.64040803909
1.27578306198
1.28746318817
1.28211402893
1.29775881767
1.28947806358
1.28787088394
1.28863477707
2.165817976
1.34561610222
1.82992577553
1.6625649929
1.48594689369
2.01087594032
1.32976102829
1.31869387627
1.31986713409
1.32733392715
1.3349468708
1.31998419762
1.3338239193
1.33428215981
1.3640499115
1.355946064
1.34994196892
1.3301589489
1.33833193779
2.24296998978
1.50535392761
1.49547195435
1.36096000671
1.37444996834
1.43262815475
1.50442409515
1.51647996902
1.4408788681
1.39792108536
2.43971800804
1.60321497917
1.42171883583
1.38930892944
1.4002969265
1.42834997177
1.40126395226
1.39853596687
1.39173293114
1.41367697716
1.44226503372
2.30711889267
1.44857501984
2.17369103432
1.44866490364
1.91408491135
1.74134707451
1.66501307487
2.02480697632
1.48845410347
2.23875904083
1.4415640831
1.42407393456
1.42520499229
1.51369404793
2.2127931118
1.4572789669
1.44591593742
1.47823691368
1.66129803658
2.12456297874
1.46347403526
1.4512860775
1.47355484962
1.81218409538
1.96263289452
1.69297003746
2.12846398354
1.49800086021
1.48844504356
1.46687698364
1.91911387444
1.9056661129
1.80683493614
2.03592586517
1.48380589485
1.47604990005
1.87031197548
1.51649999619
1.48906588554
1.50348806381
1.49932098389
1.51398992538
1.52343392372
1.5126619339
1.52170205116
1.56509304047
1.70487785339
1.70415401459
1.54857611656
1.52533984184
2.4126329422
1.55428600311
2.51623606682
1.55534005165
2.43148708344
1.54698705673
1.55965614319
1.56964492798
1.9959218502
1.98160910606
1.96990180016
1.99907588959
2.03214502335
2.02492499352
1.60987710953
1.58610987663
1.61554002762
1.58828210831
1.59961605072
1.61474180222
1.63574790955
1.62320113182
1.634141922
1.60892486572
1.61964297295
1.61294484138
1.66484880447
2.44594788551
1.77494096756
2.33013701439
1.6243519783
1.73160099983
1.82523107529
1.73674988747
1.6460340023
1.65421390533
1.78680896759
2.86504983902
1.65752387047
2.35676288605
1.77390909195
1.66365385056
1.67295789719
1.68825483322
1.66824817657
1.71690893173
1.69987678528
1.70865488052
1.69004201889
1.72012281418
1.70913791656
1.72542500496
1.7337679863
1.75033688545
1.89521789551
1.8563580513
1.73044109344
2.39682984352
2.08182096481
2.89079189301
3.44327306747
1.70942401886
1.71448206902
1.72855186462
2.40840220451
1.89700603485
2.57831001282
1.74522995949
1.75815105438
1.7506737709
2.55864191055
1.77063393593
1.74667692184
1.7562251091
2.48814702034
1.89321684837
1.80899310112
1.76981592178
2.46612405777
1.89824914932
1.79873609543
1.7873840332
2.5862030983
1.89454603195
1.80074691772
1.81263303757
1.78130483627
1.91821098328
2.03230500221
1.79188609123
2.24358415604
2.19853401184
2.60978507996
1.82452392578
1.82586693764
3.01505994797
2.43722200394
2.33650684357
2.1176199913
2.10203504562
1.99318504333
1.87724423409
1.84876799583
1.85227108002
1.93354105949
2.82923698425
1.86849403381
1.87398409843
2.10865712166
1.88228702545
1.87839818001
1.89776396751
2.04745006561
1.96158885956
1.88212895393
2.72940516472
1.91558694839
2.74614906311
1.92157912254
1.90743708611
2.3121740818
2.33891510963
2.7266459465
1.91233086586
1.9086830616
1.93469119072
2.78802514076
2.27023100853
2.40712094307
2.75777387619
1.95599317551
2.79064297676
2.55167508125
2.17720007896
2.78591799736
1.93359088898
1.94312596321
2.118735075
2.97544407845
2.88228607178
1.95927596092
1.98328900337
1.96847486496
1.95909810066
2.05599093437
2.76315402985
1.96495509148
1.97778487206
2.00204014778
2.00757288933
2.66437697411
2.37819600105
2.10497999191
2.0666911602
2.93319582939
2.20984888077
4.25492310524
2.02165198326
2.86352491379
2.02642297745
2.03160691261
2.05776286125
2.05641794205
2.56917905807
2.36248898506
2.07086110115
2.04462409019
2.03248214722
2.04791212082
2.05026602745
2.05500006676
2.07477283478
2.06531596184
2.10670208931
2.06456303596
2.19287896156
2.30414795876
2.11038589478
2.83735704422
2.14819192886
2.08684897423
2.32117581367
2.83814406395
2.94357800484
2.27497887611
2.78009104729
2.94355392456
2.34336495399
2.77573394775
2.95700597763
2.11325597763
2.12998008728
2.16732907295
2.13584017754
2.14363789558
2.13134098053
2.95590186119
2.33439707756
2.85409498215
2.17378401756
2.18498301506
2.18246603012
2.20300197601
3.02985286713
2.1868159771
2.17995500565
2.20318698883
2.18895411491
2.20251703262
2.35947394371
2.84504985809
2.23410701752
2.23424291611
2.25202989578
2.2450170517
2.2028529644
2.76296210289
2.52051901817
2.26866197586
2.48586392403
2.83904790878
3.07856798172
2.74191784859
2.53215193748
2.23462200165
2.22366404533
2.27147912979
2.79119610786
2.50756812096
3.11973190308
2.24747300148
2.25314807892
3.10995697975
2.86516094208
2.45749807358
3.13696312904
3.1383998394
2.53293609619
2.35328197479
2.27095913887
2.53223609924
2.46047091484
3.88026404381
2.78991103172
2.68693900108
2.30127501488
2.61282014847
2.89639306068
2.34736585617
2.59167194366
2.98408102989
3.22597098351
3.18507409096
2.34607315063
2.36233496666
2.32284784317
2.35404014587
2.33776807785
2.37861013412
3.15150117874
2.35944390297
3.03468704224
2.93944096565
2.36550378799
2.64772391319
2.9641058445
2.39576721191
2.76732110977
2.9240090847
2.43754887581
2.42578697205
2.44477391243
2.44682908058
2.42756891251
2.43983197212
2.46462583542
2.44464898109
3.29454612732
3.25582695007
2.45343208313
2.44230389595
2.44439005852
2.47331404686
2.46658587456
2.47974395752
2.62285590172
2.68848013878
4.25040793419
2.9625351429
2.79956078529
3.32273292542
3.31912899017
3.30086994171
2.83729195595
2.9753921032
3.35682606697
3.32212901115
3.24397110939
2.81436800957
3.11855196953
2.50379681587
2.53515100479
2.54726910591
3.37857985497
2.55767893791
2.54242491722
2.54630899429
2.56433701515
2.53632903099
3.42564201355
2.52694010735
2.60533595085
3.40485501289
3.42191696167
3.4128010273
3.24848103523
2.94273209572
3.21073007584
2.5626540184
3.26168823242
2.97256708145
3.19198894501
2.58808994293
2.58959817886
2.74043297768
2.77382397652
3.4211871624
3.50563001633
5.08182501793
3.4310760498
3.05369901657
3.08813595772
3.4522960186
3.49254798889
3.46623015404
3.46902298927
3.11179208755
3.12322902679
3.4161760807
3.5284101963
2.68361210823
2.67643094063
2.65672898293
3.51631402969
3.55482006073
2.96588206291
2.7055888176
3.7538330555
2.84485507011
3.51278400421
3.30729389191
3.15866494179
3.78667902946
2.93378686905
3.61257696152
3.5264339447
3.70535707474
3.79290699959
3.0437309742
2.86135101318
2.80428791046
3.52681279182
2.74967002869
2.74003100395
2.74005579948
3.58730721474
2.90236401558
2.79671597481
3.69420790672
3.63758897781
3.61397409439
3.64588499069
3.60413694382
3.45536398888
3.28786993027
3.34055709839
3.55552387238
2.81153988838
3.74339795113
2.80655312538
2.80047798157
2.81388092041
2.81042504311
3.11633992195
3.42889809608
3.59151792526
3.67416501045
3.68354797363
3.68726086617
3.65051484108
3.72992801666
3.15119099617
3.12330007553
3.9318921566
4.45828199387
3.31386685371
2.86346006393
2.85576796532
2.8720638752
2.84698200226
2.88100790977
3.72989702225
3.19175601006
3.26744699478
3.96971988678
5.85222291946
3.71729803085
3.71330189705
3.64516305923
3.53612709045
3.56026601791
3.42214989662
2.93326687813
2.94699788094
3.74130606651
2.93538308144
2.95669293404
2.96382808685
3.85906195641
3.24490213394
2.9793639183
3.32685995102
3.88073086739
3.8296289444
6.43208599091
3.80543398857
3.81586313248
3.00186896324
3.02138400078
3.01144695282
2.9984459877
3.83733606339
3.00503206253
3.04788208008
3.84894895554
3.89146304131
3.06101679802
3.88879680634
3.8787958622
3.85749793053
3.04713892937
3.48092699051
3.74313497543
3.58439898491
3.07688713074
3.93640995026
3.05049705505
3.87566685677
4.30237793922
3.87857294083
3.92334294319
3.9507060051
3.949436903
4.46445083618
3.93025016785
3.94463086128
4.02259397507
4.00396895409
3.13581490517
3.1292488575
3.26187801361
3.84975290298
3.11222720146
3.12786102295
3.9558660984
3.4861240387
3.96176695824
3.12073898315
3.31762599945
4.10307693481
5.11411595345
4.49730014801
4.04596996307
3.95152997971
4.0076751709
3.97203683853
3.98737120628
3.20112895966
3.25021910667
3.75100684166
3.56674909592
4.14991378784
4.42346215248
4.32242298126
3.91435313225
3.26164698601
4.1229288578
3.36999511719
3.27142715454
4.08399987221
4.08341383934
4.09440493584
4.11052322388
3.38665413857
3.91239905357
4.08012914658
3.2559838295
4.06662917137
4.05896401405
4.08547616005
4.1243391037
4.40990805626
4.16354703903
4.61165785789
5.16677689552
4.25729703903
4.272315979
3.61917185783
3.31379294395
3.31472015381
3.28139615059
3.29358196259
4.1313328743
4.27388596535
4.14998602867
3.66033506393
4.7652759552
4.88212800026
4.11281490326
4.87450790405
4.4237780571
3.97427415848
4.39025592804
4.13441109657
4.969176054
4.2685110569
4.24741005898
4.24095320702
3.580534935
3.67858195305
3.43531489372
4.62342214584
4.26329803467
3.57058382034
4.31742191315
4.46329212189
3.48979997635
4.64610886574
3.5201420784
3.66249203682
4.35462903976
5.18875193596
4.50804305077
4.51721000671
4.42930293083
4.41694903374
4.7750351429
3.99780988693
3.68790698051
3.48220205307
3.73572206497
4.39658498764
4.04844594002
3.65698289871
3.69673585892
3.58953714371
3.53921198845
3.635024786
4.31575798988
4.19913697243
3.76028108597
3.55995512009
3.54861497879
3.67217183113
3.55585885048
3.82970285416
3.6580529213
3.93883800507
3.6732840538
3.6274189949
3.65016198158
3.67018294334
3.65035891533
4.12101697922
4.40038108826
3.86370396614
3.64829301834
3.89914989471
3.99566602707
4.1006000042
3.93446707726
4.13904190063
3.72013998032
3.93344497681
4.65951299667
3.87268710136
3.64924097061
3.66096687317
3.69553589821
3.67664694786
3.69667696953
3.68283200264
3.84141778946
3.78304719925
4.97588801384
3.73443007469
3.75406193733
3.69990110397
3.7301928997
3.75297117233
3.80968904495
4.03939390182
3.7459769249
5.61093711853
4.77991819382
3.71007704735
3.78356719017
3.76118087769
3.78862285614
3.73941111565
3.87793111801
4.02547597885
3.88423109055
6.52557015419
3.85452198982
3.80341005325
3.76082801819
3.79303812981
3.78841614723
3.81556200981
4.04690003395
3.89861702919
4.0584821701
4.34058713913
3.91378688812
3.79352903366
3.81460809708
3.85685682297
3.84096598625
4.08069801331
3.98096609116
4.09239697456
4.63363695145
3.93819594383
3.8966691494
3.89693403244
3.91686677933
3.88539099693
4.14104008675
4.04487895966
5.24508404732
3.88781094551
3.89305090904
3.88627696037
4.75494599342
3.97750091553
3.9229490757
4.20613002777
4.0327630043
4.68044090271
3.94196581841
3.94295310974
3.93824410439
3.95916604996
3.99234294891
4.07357907295
4.21499609947
4.10872817039
6.6071460247
3.93869614601
3.9582529068
4.00154805183
4.06671500206
4.0826830864
4.02773809433
4.06064891815
4.02464389801
4.00345206261
4.06541204453
4.09387302399
4.08708095551
4.10279989243
4.06234502792
4.10586094856
4.07756185532
4.06094408035
4.05627393723
4.22020506859
6.73131203651
4.17744016647
4.06432294846
4.10613512993
4.13833189011
4.10754299164
4.20184803009
4.38187789917
4.20789408684
5.74068212509
4.11727905273
4.19102501869
4.2070851326
4.1844060421
4.14874696732
4.51661801338
4.27329802513
5.78952503204
4.17203783989
4.14541602135
4.16508507729
4.20301890373
4.22336006165
4.54726791382
4.22376799583
5.68333482742
4.19387102127
4.99007916451
4.17756199837
4.17259097099
4.20670700073
4.58492398262
4.22575211525
6.80069708824
4.52719402313
4.18974709511
4.23186993599
4.21219277382
4.22497200966
4.36816692352
4.49464416504
4.38759088516
4.66620111465
4.30202794075
4.29066586494
4.23574614525
4.27336215973
4.29970097542
4.62726593018
4.41857099533
6.94627189636
4.27821803093
4.30700993538
4.29080915451
4.3487508297
4.32921004295
4.58880901337
4.45559191704
4.95710301399
4.37609004974
4.30585718155
4.30079293251
4.38482809067
4.40640282631
4.42050790787
4.40836501122
4.44051909447
4.35668802261
4.81648898125
6.67952919006
4.41048002243
4.42956900597
4.43124198914
4.39117908478
4.45645999908
4.67244982719
4.52656292915
4.92913603783
4.48947691917
4.44262480736
4.51383090019
4.47570300102
4.66643810272
4.71709299088
7.19640493393
4.5543410778
4.55016112328
4.53743195534
4.58635997772
4.5394308567
4.51879405975
4.48022985458
4.50715494156
4.6834089756
4.68604516983
4.93239402771
6.18956398964
4.56253910065
4.64743304253
4.63791298866
4.59965491295
4.76515698433
4.87532091141
4.81108160114
4.72645783424
4.62485313416
4.64383101463
4.59468102455
4.58726000786
5.00625705719
4.66751408577
4.58643507957
4.61166191101
4.65425300598
4.98782896996
4.9503390789
4.8918261528
4.97898411751
5.24231219292
4.78642892838
4.68858098984
4.66370415688
4.68013095856
4.66973495483
4.71274995804
4.83167505264
4.72963500023
4.67268586159
4.698335886
4.76029396057
4.7824151516
4.7313439846
4.71047401428
4.71777296066
4.73544692993
4.71328687668
4.74215507507
4.86947393417
5.29381394386
5.06344389915
4.82265710831
4.79567313194
4.8000330925
4.77104878426
4.88182282448
4.82542204857
4.88616490364
4.86689901352
4.87405014038
4.82439780235
4.85672593117
4.87574911118
4.95414185524
4.87286686897
4.86763691902
5.32324385643
5.4683971405
5.19958400726
5.21873879433
5.12998604774
5.01694202423
4.8788459301
4.9184679985
5.04572200775
4.92452287674
4.87196207047
4.93722605705
5.06233501434
4.94193005562
4.90795302391
4.89706802368
4.87690901756
4.95987701416
4.94066095352
5.0085170269
5.06049895287
4.96920084953
4.89481782913
4.9755179882
4.93706202507
4.97167205811
4.99348902702
5.21271800995
5.042293787
5.06608200073
5.03358697891
5.01929402351
5.07250499725
5.04507398605
5.13765382767
5.26265621185
5.0734539032
5.03542900085
5.1659090519
5.2388010025
5.27588319778
5.24919104576
5.32315802574
5.31025314331
5.24409198761
5.21722507477
5.20487189293
5.25197792053
5.27464103699
5.35890197754
5.29601407051
5.31951999664
5.27716088295
