6.67572021484375e-06
1.5020370483398438e-05
2.5987625122070312e-05
3.933906555175781e-05
6.103515625e-05
8.296966552734375e-05
0.00010013580322265625
0.00011730194091796875
0.00014019012451171875
0.00016498565673828125
0.0001857280731201172
0.0002243518829345703
0.00024437904357910156
0.00026607513427734375
0.0002899169921875
0.00029730796813964844
0.0003173351287841797
0.0003464221954345703
0.0004119873046875
0.0003921985626220703
0.00046515464782714844
0.0004878044128417969
0.00049591064453125
0.000553131103515625
0.0005457401275634766
0.0005452632904052734
0.0006320476531982422
0.0006415843963623047
0.0006592273712158203
0.0007011890411376953
0.0007257461547851562
0.0007801055908203125
0.0007777214050292969
0.0008482933044433594
0.0008304119110107422
0.0010519027709960938
0.0009236335754394531
0.0009429454803466797
0.0010256767272949219
0.0009613037109375
0.001196146011352539
0.0011184215545654297
0.0010960102081298828
0.0011012554168701172
0.0011937618255615234
0.0011546611785888672
0.0011959075927734375
0.0012354850769042969
0.001233816146850586
0.0012822151184082031
0.001270294189453125
0.0013234615325927734
0.0013532638549804688
0.0014407634735107422
0.0014314651489257812
0.0014748573303222656
0.0015261173248291016
0.00159454345703125
0.0016794204711914062
0.001638174057006836
0.0017473697662353516
0.001722097396850586
0.0016772747039794922
0.0016896724700927734
0.0017523765563964844
0.0018429756164550781
0.0018935203552246094
0.0018966197967529297
0.0018932819366455078
0.0019714832305908203
0.0023064613342285156
0.0021181106567382812
0.0021538734436035156
0.0021266937255859375
0.002223968505859375
0.0021474361419677734
0.0021514892578125
0.0021555423736572266
0.0023005008697509766
0.0022988319396972656
0.002519845962524414
0.002458333969116211
0.0025281906127929688
0.0024194717407226562
0.0025739669799804688
0.002683877944946289
0.002652883529663086
0.002620697021484375
0.0028257369995117188
0.0027484893798828125
0.0026454925537109375
0.002852916717529297
0.003113985061645508
0.002751588821411133
0.0029692649841308594
0.0028641223907470703
0.002988576889038086
0.0030410289764404297
0.002985715866088867
0.003152608871459961
0.0033254623413085938
0.0032205581665039062
0.003138303756713867
0.0031549930572509766
0.0031118392944335938
0.003267049789428711
0.0032749176025390625
0.0033500194549560547
0.0036606788635253906
0.003570556640625
0.003751993179321289
0.0034346580505371094
0.0035009384155273438
0.0036013126373291016
0.003655672073364258
0.0038466453552246094
0.004044532775878906
0.003808259963989258
0.00400853157043457
0.00392603874206543
0.00395655632019043
0.003947257995605469
0.003921031951904297
0.004271507263183594
0.004019260406494141
0.004010438919067383
0.004830598831176758
0.005261659622192383
0.004261016845703125
0.004213571548461914
0.004290103912353516
0.0043048858642578125
0.004334449768066406
0.00463557243347168
0.004843711853027344
0.004620790481567383
0.004399299621582031
0.006130218505859375
0.0072002410888671875
0.009960174560546875
0.007532358169555664
0.0046596527099609375
0.005179166793823242
0.004831790924072266
0.004819631576538086
0.00471949577331543
0.005058765411376953
0.005056858062744141
0.005155801773071289
0.005079746246337891
0.005149126052856445
0.0049555301666259766
0.0050165653228759766
0.005374431610107422
0.005184650421142578
0.005205869674682617
0.005232334136962891
0.00543665885925293
0.0056154727935791016
0.005312442779541016
0.00531768798828125
0.00545048713684082
0.00555872917175293
0.005640983581542969
0.005912065505981445
0.005701780319213867
0.005581855773925781
0.0061266422271728516
0.005891561508178711
0.005828142166137695
0.005854606628417969
0.006175041198730469
0.006162881851196289
0.005977153778076172
0.005956888198852539
0.00602412223815918
0.0060579776763916016
0.006131887435913086
0.006756782531738281
0.006315469741821289
0.006874561309814453
0.006199836730957031
0.006205081939697266
0.006739139556884766
0.006737232208251953
0.006338357925415039
0.006410360336303711
0.006404399871826172
0.0065653324127197266
0.007105112075805664
0.00683903694152832
0.0069637298583984375
0.006872892379760742
0.007056236267089844
0.006642341613769531
0.006919145584106445
0.007133960723876953
0.0068166255950927734
0.007024049758911133
0.007251739501953125
0.007142305374145508
0.00704193115234375
0.0071675777435302734
0.007735729217529297
0.007155656814575195
0.00732111930847168
0.0071964263916015625
0.007780790328979492
0.00734400749206543
0.007346630096435547
0.007798433303833008
0.007431507110595703
0.0076253414154052734
0.008242130279541016
0.007744312286376953
0.00783681869506836
0.0077435970306396484
0.008181571960449219
0.007856130599975586
0.007735729217529297
0.007909774780273438
0.007993459701538086
0.008637189865112305
0.008256912231445312
0.008135318756103516
0.00808095932006836
0.00829315185546875
0.008563041687011719
0.008196353912353516
0.008353471755981445
0.008791685104370117
0.008328676223754883
0.008491039276123047
0.009210586547851562
0.00838160514831543
0.008843183517456055
0.009559869766235352
0.008523702621459961
0.009212493896484375
0.009261369705200195
0.009034872055053711
0.008828878402709961
0.008950471878051758
0.008724212646484375
0.00931549072265625
0.009041547775268555
0.009198665618896484
0.00935506820678711
0.009380817413330078
0.009130001068115234
0.009524106979370117
0.009256362915039062
0.009311914443969727
0.009510278701782227
0.009437799453735352
0.009451150894165039
0.00999760627746582
0.009365558624267578
0.009505510330200195
0.009448051452636719
0.010123014450073242
0.009728431701660156
0.010266780853271484
0.009980440139770508
0.010266304016113281
0.009919166564941406
0.01029515266418457
0.01040792465209961
0.010220766067504883
0.010332822799682617
0.010329961776733398
0.010461807250976562
0.010478734970092773
0.01011347770690918
0.010935068130493164
0.010196924209594727
0.010478019714355469
0.010695457458496094
0.010376214981079102
0.011159658432006836
0.010480880737304688
0.01074075698852539
0.010935068130493164
0.011139869689941406
0.0106658935546875
0.011491537094116211
0.011065006256103516
0.011137008666992188
0.011296272277832031
0.01105356216430664
0.011451005935668945
0.011339664459228516
0.011404752731323242
0.011056184768676758
0.01128387451171875
0.011391639709472656
0.011527061462402344
0.011270761489868164
0.011571645736694336
0.011646509170532227
0.011687517166137695
0.011856794357299805
0.011955022811889648
0.012305259704589844
0.011572599411010742
0.012210845947265625
0.011566877365112305
0.012315511703491211
0.01175069808959961
0.012150764465332031
0.0121002197265625
0.011929988861083984
0.012504339218139648
0.012095451354980469
0.012346982955932617
0.012116432189941406
0.01197361946105957
0.012577295303344727
0.012874603271484375
0.012289762496948242
0.013041496276855469
0.012590646743774414
0.0123443603515625
0.012748003005981445
0.012894630432128906
0.013171195983886719
0.01253056526184082
0.013137102127075195
0.012866020202636719
0.013051033020019531
0.01286625862121582
0.01310873031616211
0.013348579406738281
0.013191938400268555
0.013086795806884766
0.013285398483276367
0.013139009475708008
0.013481855392456055
0.012973546981811523
0.013666868209838867
0.01340937614440918
0.013357400894165039
0.013208627700805664
0.01337742805480957
0.013669967651367188
0.01402592658996582
0.01382899284362793
0.014437198638916016
0.014112472534179688
0.01415872573852539
0.013929367065429688
0.014215469360351562
0.01428365707397461
0.014151573181152344
0.014016866683959961
0.014483213424682617
0.014523506164550781
0.014490365982055664
0.014789104461669922
0.014951467514038086
0.013955354690551758
0.015003204345703125
0.01451730728149414
0.014111995697021484
0.014638900756835938
0.014600515365600586
0.014787435531616211
0.014584541320800781
0.014453649520874023
0.014715909957885742
0.015395879745483398
0.014697790145874023
0.015316486358642578
0.015256166458129883
0.015064716339111328
0.015290260314941406
0.015090465545654297
0.015357017517089844
0.014885425567626953
0.015714168548583984
0.015258073806762695
0.015801429748535156
0.015679597854614258
0.015616416931152344
0.01596665382385254
0.015352249145507812
0.01586294174194336
0.015516519546508789
0.015491962432861328
0.016033172607421875
0.015501260757446289
0.01590561866760254
0.015768766403198242
0.015779495239257812
0.01584911346435547
0.016628265380859375
0.01625514030456543
0.016253948211669922
0.01628398895263672
0.016634225845336914
0.01614665985107422
0.01714301109313965
0.016757965087890625
0.0161745548248291
0.016426801681518555
0.016657590866088867
0.01645350456237793
0.01730513572692871
0.01656055450439453
0.016940593719482422
0.01686716079711914
0.01708984375
0.017111539840698242
0.017116785049438477
0.016994476318359375
0.016727447509765625
0.017392873764038086
0.017049074172973633
0.01736593246459961
0.016761064529418945
0.017540454864501953
0.01763296127319336
0.016971588134765625
0.017315387725830078
0.017177104949951172
0.01762866973876953
0.017687320709228516
0.017609119415283203
0.017152786254882812
0.01766180992126465
0.0178985595703125
0.017544984817504883
0.018305063247680664
0.017830848693847656
0.018245220184326172
0.01776599884033203
0.018594741821289062
0.018053531646728516
0.018575668334960938
0.01825118064880371
0.01779627799987793
0.018814802169799805
0.018666982650756836
0.017907142639160156
0.01849842071533203
0.0188446044921875
0.018540143966674805
0.018272876739501953
0.01889967918395996
0.018356800079345703
0.01917266845703125
0.0185849666595459
0.01835012435913086
0.019051074981689453
0.01910400390625
0.019337177276611328
0.01858806610107422
0.01944112777709961
0.019136667251586914
0.018750905990600586
0.01934075355529785
0.01951313018798828
0.018856287002563477
0.01930069923400879
0.01936483383178711
0.019507169723510742
0.0194394588470459
0.019284725189208984
0.01991415023803711
0.019431114196777344
0.019893884658813477
0.01942586898803711
0.0198824405670166
0.019797325134277344
0.01923680305480957
0.019812345504760742
0.01994919776916504
0.019713401794433594
0.01959824562072754
0.02029585838317871
0.020435094833374023
0.020096540451049805
0.020302534103393555
0.020443201065063477
0.020080089569091797
0.020131587982177734
0.01995110511779785
0.020665645599365234
0.02036762237548828
0.02074265480041504
0.021047592163085938
0.021265268325805664
0.023218393325805664
0.022204160690307617
0.021396636962890625
0.02203822135925293
0.022028684616088867
0.021991491317749023
0.021572589874267578
0.021830081939697266
0.022481679916381836
0.021589040756225586
0.02156853675842285
0.022257089614868164
0.02450275421142578
0.02267932891845703
0.022432804107666016
0.021914958953857422
0.021636009216308594
0.021610260009765625
0.02256321907043457
0.022109270095825195
0.02221226692199707
0.022058486938476562
0.022516250610351562
0.02228093147277832
0.03235888481140137
0.0225982666015625
0.0288698673248291
0.021754741668701172
0.022444963455200195
0.02271294593811035
0.022458791732788086
0.022359848022460938
0.022227764129638672
0.022765398025512695
0.022723674774169922
0.022780895233154297
0.022986173629760742
0.022781848907470703
0.0227811336517334
0.023049592971801758
0.022995710372924805
0.0220947265625
0.023548364639282227
0.022359132766723633
0.02263188362121582
0.023346900939941406
0.023441553115844727
0.023160457611083984
0.023402690887451172
0.023402690887451172
0.02307868003845215
0.022648096084594727
0.022911787033081055
0.023334741592407227
0.02366781234741211
0.02369976043701172
0.023730993270874023
0.023499727249145508
0.02324962615966797
0.02310919761657715
0.024024248123168945
0.023706912994384766
0.02372264862060547
0.02389359474182129
0.024261951446533203
0.02389693260192871
0.024407148361206055
0.023860454559326172
0.02427506446838379
0.02411794662475586
0.02437305450439453
0.024335622787475586
0.024322986602783203
0.02454543113708496
0.024860620498657227
0.024487972259521484
0.024053335189819336
0.024206876754760742
0.02407073974609375
0.024662017822265625
0.025053024291992188
0.02570939064025879
0.02481865882873535
0.024625539779663086
0.025151968002319336
0.02486133575439453
0.025818347930908203
0.025075197219848633
0.025275230407714844
0.025850772857666016
0.025841474533081055
0.025118350982666016
0.03272438049316406
0.02669072151184082
0.026976823806762695
0.02646350860595703
0.02753448486328125
0.027461528778076172
0.026666879653930664
0.026800155639648438
0.026798486709594727
0.026401758193969727
0.025994539260864258
0.026785612106323242
0.035109758377075195
0.029015541076660156
0.027751922607421875
0.028641700744628906
0.028603076934814453
0.027914047241210938
0.026432514190673828
0.026432275772094727
0.026964426040649414
0.027415752410888672
0.026529788970947266
0.02917003631591797
0.03484702110290527
0.03877615928649902
0.028170347213745117
0.027907133102416992
0.027808666229248047
0.026842117309570312
0.026904821395874023
0.027570486068725586
0.02694392204284668
0.02688908576965332
0.026810884475708008
0.026958942413330078
0.02695465087890625
0.027077674865722656
0.02762579917907715
0.02809929847717285
0.026991605758666992
0.02801203727722168
0.0277249813079834
0.027374267578125
0.02753615379333496
0.027754545211791992
0.027832746505737305
0.028154611587524414
0.02755904197692871
0.036240577697753906
0.05824542045593262
0.05897641181945801
0.03600907325744629
0.028908252716064453
0.02957773208618164
0.02970123291015625
0.028394222259521484
0.02920985221862793
0.028868675231933594
0.02813863754272461
0.028914690017700195
0.02826404571533203
0.028409242630004883
0.028456687927246094
0.028271198272705078
0.028403520584106445
0.028857707977294922
0.028347253799438477
0.028804779052734375
0.0289766788482666
0.028905153274536133
0.029488325119018555
0.02813124656677246
0.029690980911254883
0.029132604598999023
0.029006481170654297
0.029388427734375
0.029329538345336914
0.03013443946838379
0.029346704483032227
0.029363393783569336
0.029911279678344727
0.02987527847290039
0.029213666915893555
0.029186010360717773
0.03054642677307129
0.030720949172973633
0.029994726181030273
0.029522180557250977
0.029906034469604492
0.03090643882751465
0.029729604721069336
0.030689716339111328
0.030390024185180664
0.029201507568359375
0.030260801315307617
0.03006458282470703
0.030537843704223633
0.03037548065185547
0.030288219451904297
0.030750274658203125
0.03006601333618164
0.03119039535522461
0.03020620346069336
0.031439781188964844
0.03079080581665039
0.030968427658081055
0.03188610076904297
0.03025674819946289
0.03138279914855957
0.0315549373626709
0.03174471855163574
0.03129172325134277
0.0386815071105957
0.03406643867492676
0.03256702423095703
0.03234362602233887
0.032683610916137695
0.032423973083496094
0.03246307373046875
0.03218889236450195
0.03259086608886719
0.03573489189147949
0.03435039520263672
0.03491377830505371
0.03467130661010742
0.03249812126159668
0.032117366790771484
0.03251814842224121
0.03272724151611328
0.04601597785949707
0.03606081008911133
0.03748893737792969
0.034673452377319336
0.0341639518737793
0.03411984443664551
0.03253936767578125
0.03297543525695801
0.03333306312561035
0.03400397300720215
0.03258919715881348
0.032689809799194336
0.03291773796081543
0.0329592227935791
0.03318214416503906
0.03347349166870117
0.03392195701599121
0.03335928916931152
0.033281564712524414
0.03285813331604004
0.033364057540893555
0.03302335739135742
0.03383016586303711
0.033174753189086914
0.0335996150970459
0.03363347053527832
0.033385515213012695
0.033470869064331055
0.03305387496948242
0.03347516059875488
0.03331780433654785
0.034549713134765625
0.033766984939575195
0.03354644775390625
0.033211469650268555
0.034639596939086914
0.034136295318603516
0.034001827239990234
0.03465390205383301
0.033969879150390625
0.03423881530761719
0.03504753112792969
0.03399014472961426
0.035936832427978516
0.03584647178649902
0.03489327430725098
0.035182952880859375
0.035221099853515625
0.034737586975097656
0.035146474838256836
0.034387826919555664
0.03407144546508789
0.0358734130859375
0.03570079803466797
0.034728288650512695
0.03532004356384277
0.03516507148742676
0.035013437271118164
0.03503990173339844
0.034554481506347656
0.03505825996398926
0.0350494384765625
0.03514981269836426
0.03577017784118652
0.03574848175048828
0.03581357002258301
0.035791873931884766
0.03560495376586914
0.035552263259887695
0.03572583198547363
0.034775495529174805
0.03573322296142578
0.035637855529785156
0.03600716590881348
0.03507089614868164
0.03552436828613281
0.0361332893371582
0.035234928131103516
0.03596663475036621
0.03691363334655762
0.03599047660827637
0.03608345985412598
0.03607463836669922
0.036116600036621094
0.03655242919921875
0.03673839569091797
0.03625822067260742
0.03592872619628906
0.03709006309509277
0.03631329536437988
0.03610968589782715
0.03641653060913086
0.03616523742675781
0.03634762763977051
0.03686881065368652
0.03683733940124512
0.03625345230102539
0.03647279739379883
0.03735017776489258
0.036820411682128906
0.03723263740539551
0.036391496658325195
0.03735017776489258
0.03710150718688965
0.03719782829284668
0.037489891052246094
0.03780317306518555
0.037453413009643555
0.038110971450805664
0.03800082206726074
0.037363529205322266
0.03709864616394043
0.03754448890686035
0.03739166259765625
0.03799700736999512
0.03799557685852051
0.037650108337402344
0.03763246536254883
0.03762245178222656
0.0381321907043457
0.038695573806762695
0.038382530212402344
0.03780531883239746
0.0379183292388916
0.03826165199279785
0.03849959373474121
0.03774666786193848
0.03823256492614746
0.038309335708618164
0.03828144073486328
0.03781437873840332
0.039267539978027344
0.039020538330078125
0.038954734802246094
0.03852653503417969
0.038368940353393555
0.03904223442077637
0.039620399475097656
0.0388646125793457
0.03956770896911621
0.038767337799072266
0.03892874717712402
0.03926706314086914
0.038756608963012695
0.03967571258544922
0.03920745849609375
0.03925466537475586
0.03960776329040527
0.03956198692321777
0.03948831558227539
0.039980173110961914
0.040367841720581055
0.040544986724853516
0.04028487205505371
0.04030251502990723
0.04070925712585449
0.040022850036621094
0.0399928092956543
0.0399322509765625
0.04092741012573242
0.040746450424194336
0.03986811637878418
0.04037165641784668
0.04069924354553223
0.040517330169677734
0.04095292091369629
0.04138350486755371
0.04043412208557129
0.040721893310546875
0.040762901306152344
0.0410916805267334
0.04120755195617676
0.040650367736816406
0.040242910385131836
0.042070865631103516
0.040851593017578125
0.041165828704833984
0.0411529541015625
0.041043758392333984
0.0407712459564209
0.04140925407409668
0.04104137420654297
0.04236435890197754
0.04131817817687988
0.041800737380981445
0.04149174690246582
0.041605472564697266
0.04200458526611328
0.042768239974975586
0.04139375686645508
0.04136967658996582
0.0419919490814209
0.0416409969329834
0.04162025451660156
0.04185223579406738
0.04151725769042969
0.042476654052734375
0.042601585388183594
0.04278254508972168
0.042067766189575195
0.042455196380615234
0.04259085655212402
0.04187488555908203
0.04315614700317383
0.050803422927856445
0.04360842704772949
0.042757511138916016
0.042678117752075195
0.050797224044799805
0.04287600517272949
0.04524517059326172
0.04500317573547363
0.042680978775024414
0.050341129302978516
0.045763254165649414
0.043733835220336914
0.043767690658569336
0.04416084289550781
0.04647493362426758
0.044088125228881836
0.04359269142150879
0.04334521293640137
0.04365873336791992
0.044060707092285156
0.043924570083618164
0.043836355209350586
0.04345893859863281
0.044702768325805664
0.04441523551940918
0.04349350929260254
0.04385995864868164
0.043428897857666016
0.043724775314331055
0.04446148872375488
0.043927907943725586
0.044541120529174805
0.046915531158447266
0.04477667808532715
0.04501461982727051
0.04435276985168457
0.04543924331665039
0.04465150833129883
0.04675412178039551
0.04540705680847168
0.04512357711791992
0.0442357063293457
0.046679019927978516
0.04466557502746582
0.05431485176086426
0.04647493362426758
0.046083927154541016
0.04596233367919922
0.04615616798400879
0.046294212341308594
0.046792030334472656
0.08552885055541992
0.04618263244628906
0.04520010948181152
0.045549869537353516
0.045327186584472656
0.04696846008300781
0.048218488693237305
0.04564619064331055
0.046556711196899414
0.046857357025146484
0.04662942886352539
0.04625296592712402
0.04613351821899414
0.0469207763671875
0.046057939529418945
0.04565620422363281
0.046170711517333984
0.04661059379577637
0.045870065689086914
0.04589700698852539
0.04776167869567871
0.04719853401184082
0.046341896057128906
0.04609990119934082
0.04583287239074707
0.04652595520019531
0.04702949523925781
0.0474095344543457
0.04737401008605957
0.04732704162597656
0.046767234802246094
0.04722714424133301
0.04580521583557129
0.048050642013549805
0.04750514030456543
0.0606687068939209
0.0496211051940918
0.04759788513183594
0.04686331748962402
0.04825592041015625
0.047290802001953125
0.06541299819946289
0.04877185821533203
0.04837346076965332
0.04781198501586914
0.04725790023803711
0.04935336112976074
0.05593419075012207
0.05672574043273926
0.05153989791870117
0.048587799072265625
0.04683518409729004
0.0522615909576416
0.05339360237121582
0.04762434959411621
0.04898834228515625
0.047945261001586914
0.05193495750427246
0.057559967041015625
0.06498384475708008
0.04950141906738281
0.04885149002075195
0.04833626747131348
0.04894280433654785
0.05410289764404297
0.04979538917541504
0.06410622596740723
0.0503232479095459
0.048850059509277344
0.04885601997375488
0.04773592948913574
0.04898405075073242
0.048972368240356445
0.06591677665710449
0.057744503021240234
0.05209016799926758
0.05209469795227051
0.05416274070739746
0.0585169792175293
0.09694027900695801
0.05365610122680664
0.052097320556640625
0.05236983299255371
0.05484151840209961
0.05138230323791504
0.05052042007446289
0.05121302604675293
0.05082249641418457
0.050475358963012695
0.050115108489990234
0.05102872848510742
0.050444841384887695
0.0502626895904541
0.050104379653930664
0.04994988441467285
0.049811363220214844
0.05039238929748535
0.05009889602661133
0.05037283897399902
0.050145626068115234
0.0504307746887207
0.04973554611206055
0.05059051513671875
0.05084657669067383
0.04993152618408203
0.052071332931518555
0.050197601318359375
0.05045747756958008
0.049611568450927734
0.05020546913146973
0.05114102363586426
0.05100560188293457
0.051911354064941406
0.051538944244384766
0.05171990394592285
0.051439523696899414
0.051943063735961914
0.051207542419433594
0.05172276496887207
0.0514836311340332
0.05182290077209473
0.05192160606384277
0.05199098587036133
0.052565813064575195
0.05218219757080078
0.05207967758178711
0.05295920372009277
0.05193066596984863
0.0518953800201416
0.05268454551696777
0.05277395248413086
0.05286574363708496
0.052404165267944336
0.05277562141418457
0.052049875259399414
0.05170559883117676
0.05127310752868652
0.053110599517822266
0.05571579933166504
0.05287528038024902
0.05338478088378906
0.051764726638793945
0.052068471908569336
0.0526123046875
0.053064584732055664
0.05344557762145996
0.05161643028259277
0.053292274475097656
0.05293583869934082
0.05272197723388672
0.05363869667053223
0.05349135398864746
0.05213737487792969
0.05233287811279297
0.05402040481567383
0.05367684364318848
0.05511641502380371
0.05349302291870117
0.054227352142333984
0.05281233787536621
0.05296826362609863
0.05284452438354492
0.05395174026489258
0.05458974838256836
0.05435681343078613
0.05472540855407715
0.05573725700378418
0.05528736114501953
0.0543818473815918
0.05472302436828613
0.05763554573059082
0.05363798141479492
0.054297447204589844
0.055571794509887695
0.05523800849914551
0.05532407760620117
0.05593252182006836
0.05541563034057617
0.054292917251586914
0.05471634864807129
0.054198503494262695
0.05510306358337402
0.05520510673522949
0.055190324783325195
0.05449557304382324
0.054872751235961914
0.05445551872253418
0.05400872230529785
0.05487060546875
0.054872751235961914
0.05427384376525879
0.055289506912231445
0.054479122161865234
0.05512738227844238
0.05580592155456543
0.05547809600830078
0.055681705474853516
0.05482888221740723
0.05657553672790527
0.056215763092041016
0.055129289627075195
0.05570673942565918
0.05578470230102539
0.05564451217651367
0.05603933334350586
0.05631685256958008
0.05578970909118652
0.05654740333557129
0.05582070350646973
0.05565333366394043
0.05545186996459961
0.05599403381347656
0.056006669998168945
0.05662417411804199
0.05654191970825195
0.05703425407409668
0.05679821968078613
0.05583548545837402
0.055866241455078125
0.0558171272277832
0.05582380294799805
0.055998802185058594
0.056798458099365234
0.056894779205322266
0.05687379837036133
0.05643939971923828
0.05721926689147949
0.057271718978881836
0.057622671127319336
0.057434797286987305
0.05738973617553711
0.05813455581665039
0.05720019340515137
0.05819058418273926
0.05756783485412598
0.05731320381164551
0.05744528770446777
0.057730913162231445
0.0582125186920166
0.0567781925201416
0.05690360069274902
0.057831764221191406
0.057420969009399414
0.057640790939331055
0.05746054649353027
0.058302879333496094
0.059134721755981445
0.058419227600097656
0.05785822868347168
0.0576019287109375
0.057257890701293945
0.05740475654602051
0.05849051475524902
0.057547807693481445
0.0579531192779541
0.057888031005859375
0.05854463577270508
0.058725595474243164
0.05766868591308594
0.05856060981750488
0.05895566940307617
0.059349775314331055
0.05953049659729004
0.059023380279541016
0.05940842628479004
0.05935406684875488
0.05939817428588867
0.05926704406738281
0.058911800384521484
0.059279441833496094
0.05970644950866699
0.059197425842285156
0.058901309967041016
0.058763742446899414
0.05959630012512207
0.05933856964111328
0.059697866439819336
0.060054779052734375
0.05969500541687012
0.06039166450500488
0.05976533889770508
0.060009002685546875
0.060320138931274414
0.060044288635253906
0.05977940559387207
0.059122562408447266
0.05901503562927246
0.059530019760131836
0.06004500389099121
0.06004142761230469
0.060761213302612305
0.061033010482788086
0.06116127967834473
0.06024885177612305
0.0605165958404541
0.0608673095703125
0.060159921646118164
0.06136131286621094
0.061518192291259766
0.06075644493103027
0.06036233901977539
0.060153961181640625
0.060688018798828125
0.06091499328613281
0.06122326850891113
0.06104874610900879
0.061975955963134766
0.061507463455200195
0.06107950210571289
0.06042075157165527
0.06055903434753418
0.06433963775634766
0.06142926216125488
0.06249713897705078
0.06158638000488281
0.06115531921386719
0.06177854537963867
0.06112480163574219
0.06227731704711914
0.17940807342529297
0.06194329261779785
0.06262063980102539
0.062264442443847656
0.06231522560119629
0.062371015548706055
0.06191134452819824
0.062232255935668945
0.06219005584716797
0.06228494644165039
0.06246304512023926
0.06279850006103516
0.061987876892089844
0.06218433380126953
0.06355524063110352
0.0636758804321289
0.06271004676818848
0.06273150444030762
0.06250548362731934
0.0625309944152832
0.06332230567932129
0.0637812614440918
0.06316089630126953
0.06280755996704102
0.06358194351196289
0.06336355209350586
0.0632631778717041
0.06423401832580566
0.06574153900146484
0.06424713134765625
0.06396746635437012
0.06499171257019043
0.06395792961120605
0.06435465812683105
0.06389141082763672
0.06455540657043457
0.06350350379943848
0.0644540786743164
0.06357598304748535
0.06332039833068848
0.06422567367553711
0.06447601318359375
0.0661768913269043
0.06490826606750488
0.06414437294006348
0.06385135650634766
0.06348133087158203
0.06427741050720215
0.06430482864379883
0.0652468204498291
0.06410098075866699
0.06495451927185059
0.06385302543640137
0.06456947326660156
0.0644388198852539
0.06494832038879395
0.06646442413330078
0.06519770622253418
0.06477189064025879
0.06447386741638184
0.06551671028137207
0.06579136848449707
0.0651400089263916
0.06625080108642578
0.06553125381469727
0.06538939476013184
0.06565356254577637
0.06517481803894043
0.0655524730682373
0.06720471382141113
0.06629395484924316
0.06553983688354492
0.06613802909851074
0.06574726104736328
0.06695818901062012
0.0661461353302002
0.0670630931854248
0.06604933738708496
0.06636643409729004
0.06663036346435547
0.0667729377746582
0.06729936599731445
0.0668787956237793
0.06672883033752441
0.06653904914855957
0.06667494773864746
0.06589674949645996
0.06704163551330566
0.06782007217407227
0.06748127937316895
0.06717109680175781
0.06723666191101074
0.06811738014221191
0.06684684753417969
0.06801748275756836
0.06675863265991211
0.06814146041870117
0.06853413581848145
0.06773948669433594
0.06748056411743164
0.06774044036865234
0.06789469718933105
0.06929445266723633
0.06804871559143066
0.06737351417541504
0.06841278076171875
0.06845593452453613
0.06919550895690918
0.0688474178314209
0.06946039199829102
0.06867718696594238
0.06947588920593262
0.06850218772888184
0.06827402114868164
0.06812572479248047
0.06703376770019531
0.06960225105285645
0.06894898414611816
0.06910276412963867
0.0695350170135498
0.0708930492401123
0.06936931610107422
0.07015419006347656
0.06885099411010742
0.06878924369812012
0.06812143325805664
0.06812548637390137
0.06812930107116699
0.06834816932678223
0.07015371322631836
0.06949996948242188
0.06919050216674805
0.06907534599304199
0.06873250007629395
0.07023453712463379
0.06958842277526855
0.06993341445922852
0.06962800025939941
0.0693213939666748
0.06915402412414551
0.07085585594177246
0.06954765319824219
0.0696103572845459
0.06937742233276367
0.07022356986999512
0.06962323188781738
0.07063078880310059
0.07056236267089844
0.07100105285644531
0.07070207595825195
0.07036113739013672
0.07000994682312012
0.07084989547729492
0.07163095474243164
0.0703272819519043
0.07007455825805664
0.07071495056152344
0.07014679908752441
0.07067990303039551
0.07157015800476074
0.07136678695678711
0.0724036693572998
0.07087469100952148
0.07200098037719727
0.07065582275390625
0.07129788398742676
0.07208704948425293
0.07150769233703613
0.07094621658325195
0.07108354568481445
0.07097864151000977
0.07248520851135254
0.07170367240905762
0.07268404960632324
0.07171368598937988
0.07116508483886719
0.07133245468139648
0.0719766616821289
0.07209062576293945
0.07326245307922363
0.07127547264099121
0.07275938987731934
0.07163381576538086
0.07224345207214355
0.07302141189575195
0.07205080986022949
0.07219362258911133
0.07137107849121094
0.07275748252868652
0.0729520320892334
0.07181334495544434
0.0731358528137207
0.07378673553466797
0.07258939743041992
0.07187223434448242
0.07298111915588379
0.07141780853271484
0.07290887832641602
0.07436585426330566
0.07246041297912598
0.07373571395874023
0.07322168350219727
0.07265710830688477
0.0735476016998291
0.07359647750854492
0.07274937629699707
0.07257080078125
0.07356452941894531
0.07349991798400879
0.07468914985656738
0.07463479042053223
0.07339835166931152
0.07412385940551758
0.07423901557922363
0.07359600067138672
0.07472467422485352
0.07488536834716797
0.07411885261535645
0.07384610176086426
0.07324647903442383
0.07409262657165527
0.07460260391235352
0.07457447052001953
0.07434988021850586
0.07416772842407227
0.0736844539642334
0.07487249374389648
0.0906229019165039
0.07489538192749023
0.07524299621582031
0.07472515106201172
0.07437705993652344
0.07478713989257812
0.07661962509155273
0.0759894847869873
0.07565164566040039
0.07563114166259766
0.07629060745239258
0.07503581047058105
0.07485198974609375
0.07641839981079102
0.07556962966918945
0.0754241943359375
0.07551956176757812
0.0760338306427002
0.07563519477844238
0.07706069946289062
0.07609033584594727
0.07611274719238281
0.07544112205505371
0.07729005813598633
0.0766289234161377
0.07684206962585449
0.07599163055419922
0.07676053047180176
0.0782480239868164
0.07667994499206543
0.07799553871154785
0.0772407054901123
0.07651114463806152
0.0767512321472168
0.07703280448913574
0.07624530792236328
0.07665824890136719
0.07710623741149902
0.07752847671508789
0.07637691497802734
0.07649469375610352
0.07728886604309082
0.07805252075195312
0.07717561721801758
0.07667732238769531
0.0776376724243164
0.07699728012084961
0.07716202735900879
0.0782771110534668
0.07825446128845215
0.07790827751159668
0.07709360122680664
0.07865142822265625
0.07735204696655273
0.07852649688720703
0.0796048641204834
0.07850360870361328
0.07694268226623535
0.07767558097839355
0.07863879203796387
0.0779716968536377
0.07885432243347168
0.0780632495880127
0.07684493064880371
0.07850360870361328
0.0790107250213623
0.07838273048400879
0.07769203186035156
0.0795736312866211
0.07880759239196777
0.0803372859954834
0.0787971019744873
0.07843565940856934
0.07867741584777832
0.07943463325500488
0.08006739616394043
0.08002161979675293
0.07915472984313965
0.07933473587036133
0.07836222648620605
0.07875728607177734
0.07956504821777344
0.08063030242919922
0.07926511764526367
0.08138155937194824
0.0814518928527832
0.0806589126586914
0.08145856857299805
0.08016610145568848
0.07994294166564941
0.07903552055358887
0.0801687240600586
0.0790708065032959
0.08069491386413574
0.08085942268371582
0.08015155792236328
0.08036923408508301
0.08158278465270996
0.08133149147033691
0.08101415634155273
0.07997751235961914
0.08085250854492188
0.08043789863586426
0.08046555519104004
0.08074569702148438
0.08104372024536133
0.08009862899780273
0.07951474189758301
0.07953166961669922
0.08012509346008301
0.08146953582763672
0.08045434951782227
0.08084368705749512
0.08026623725891113
0.08116722106933594
0.08127021789550781
0.08088564872741699
0.08171820640563965
0.0820469856262207
0.07993817329406738
0.08203005790710449
0.0815119743347168
0.08046317100524902
0.07975649833679199
0.0808877944946289
0.08092594146728516
0.08279657363891602
0.08131217956542969
0.08134698867797852
0.08130002021789551
0.08193564414978027
0.0826871395111084
0.08292603492736816
0.08182382583618164
0.08228731155395508
0.08195090293884277
0.08212995529174805
0.08308100700378418
0.08259963989257812
0.0821390151977539
0.08206367492675781
0.0823516845703125
0.08267784118652344
0.08243274688720703
0.08344244956970215
0.08324527740478516
0.08404016494750977
0.08378458023071289
0.08443331718444824
0.08309412002563477
0.08484578132629395
0.08348250389099121
0.0824594497680664
0.08350825309753418
0.0820760726928711
0.08148455619812012
0.08309054374694824
0.08286857604980469
0.0827631950378418
0.08487653732299805
0.08308172225952148
0.08400583267211914
0.08370709419250488
0.08513784408569336
0.08498573303222656
0.0848231315612793
0.08406639099121094
0.08455157279968262
0.08508539199829102
0.08594965934753418
0.08512616157531738
0.08297896385192871
0.0825662612915039
0.08423948287963867
0.0863649845123291
0.08615446090698242
0.08635663986206055
0.08570742607116699
0.08597922325134277
0.08520746231079102
0.08593297004699707
0.08553624153137207
0.08508157730102539
0.08460068702697754
0.08561468124389648
0.08632063865661621
0.08433341979980469
0.08629846572875977
0.08910346031188965
0.08608841896057129
0.08712172508239746
0.08659219741821289
0.08579564094543457
0.08511686325073242
0.08800506591796875
0.08607316017150879
0.08515167236328125
0.0846712589263916
0.0861208438873291
0.0855565071105957
0.08630943298339844
0.08589959144592285
0.08558797836303711
0.0859832763671875
0.08754444122314453
0.08818197250366211
0.08834648132324219
0.08638167381286621
0.08841562271118164
0.08723592758178711
0.08770465850830078
0.08799457550048828
0.08669018745422363
0.08719730377197266
0.0879981517791748
0.08813643455505371
0.0876922607421875
0.0871436595916748
0.0866098403930664
0.0877540111541748
0.0937948226928711
0.0898904800415039
0.09020519256591797
0.08951330184936523
0.08839225769042969
0.0873558521270752
0.08841848373413086
0.08682966232299805
0.0878138542175293
0.0880422592163086
0.0869748592376709
0.0878596305847168
0.08820724487304688
0.08779096603393555
0.08843421936035156
0.08714056015014648
0.0878143310546875
0.08822774887084961
0.08921051025390625
0.08959054946899414
0.08911871910095215
0.08870363235473633
0.08796906471252441
0.08905768394470215
0.09149956703186035
0.09276342391967773
0.09208226203918457
0.09191203117370605
0.09023380279541016
0.0884702205657959
0.08853626251220703
0.09131407737731934
0.09130144119262695
0.09047842025756836
0.09062480926513672
0.09001636505126953
0.09049844741821289
0.09220409393310547
0.09324073791503906
0.09366774559020996
0.0917046070098877
0.09132504463195801
0.09013223648071289
0.09227418899536133
0.09364080429077148
0.0915534496307373
0.09083890914916992
0.09075498580932617
0.09077620506286621
0.09092140197753906
0.09099555015563965
0.09185194969177246
0.09119558334350586
0.09145069122314453
0.09110641479492188
0.0902864933013916
0.09084367752075195
0.0901339054107666
0.09066176414489746
0.09249138832092285
0.09115314483642578
0.09203314781188965
0.08959436416625977
0.09095239639282227
0.0904536247253418
0.09130406379699707
0.09085679054260254
0.09203124046325684
0.09090352058410645
0.09081220626831055
0.09030008316040039
0.09097599983215332
0.09152913093566895
0.09265279769897461
0.09271955490112305
0.09447145462036133
0.0928189754486084
0.09478449821472168
0.09453558921813965
0.0930185317993164
0.09348106384277344
0.09246587753295898
0.09338974952697754
0.09281086921691895
0.09248471260070801
0.09385228157043457
0.09248852729797363
0.09275293350219727
0.09179353713989258
0.09354901313781738
0.09378862380981445
0.09257102012634277
0.09301638603210449
0.0923917293548584
0.09260010719299316
0.09576582908630371
0.09376907348632812
0.09221720695495605
0.09088373184204102
0.09215974807739258
0.09312772750854492
0.09169411659240723
0.09235072135925293
0.09139895439147949
0.09409546852111816
0.09341192245483398
0.09438276290893555
0.09403491020202637
0.09382796287536621
0.09478068351745605
0.0951833724975586
0.09422564506530762
0.0942680835723877
0.09458208084106445
0.09437942504882812
0.0957179069519043
0.09398508071899414
0.09351587295532227
0.09389328956604004
0.09493613243103027
0.09317827224731445
0.09414911270141602
0.09336185455322266
0.09540128707885742
0.09573554992675781
0.0940103530883789
0.094696044921875
0.09605956077575684
0.09664583206176758
0.09424090385437012
0.0940864086151123
0.09390115737915039
0.09457659721374512
0.09987378120422363
0.09773135185241699
0.09684514999389648
0.09427905082702637
0.09572601318359375
0.09611368179321289
0.09505939483642578
0.09538865089416504
0.09520459175109863
0.09765291213989258
0.09718704223632812
0.0952768325805664
0.09548783302307129
0.09512543678283691
0.09609413146972656
0.09724974632263184
0.09531521797180176
0.09521961212158203
0.09590888023376465
0.09625434875488281
0.09524178504943848
0.09602856636047363
0.09533357620239258
0.09786176681518555
0.09851765632629395
0.09770989418029785
0.09625768661499023
0.09699153900146484
0.0970315933227539
0.09849357604980469
0.09695839881896973
0.0959479808807373
0.09618258476257324
0.09727954864501953
0.09616947174072266
0.09615278244018555
0.09921956062316895
0.09861993789672852
0.09789800643920898
0.09720587730407715
0.09754252433776855
0.09724879264831543
0.09885048866271973
0.09817624092102051
0.09930801391601562
0.09723162651062012
0.0987250804901123
0.0988001823425293
0.09654116630554199
0.09877753257751465
0.09770441055297852
0.09955120086669922
0.09900379180908203
0.09760332107543945
0.09862589836120605
0.09827756881713867
0.099517822265625
0.09959244728088379
0.0993659496307373
0.09915781021118164
0.09957242012023926
0.09972548484802246
0.09959602355957031
0.09920549392700195
0.10027503967285156
0.09921860694885254
0.0996251106262207
0.09905219078063965
0.09957432746887207
0.10077929496765137
0.10108828544616699
0.09808707237243652
0.09902381896972656
0.09864115715026855
0.10191702842712402
0.09796357154846191
0.10000133514404297
0.10230231285095215
0.10175561904907227
0.10056090354919434
0.10051226615905762
0.10014009475708008
0.1033930778503418
0.10509300231933594
0.10573625564575195
0.10274600982666016
0.10327577590942383
0.10377240180969238
0.10267519950866699
0.1036684513092041
0.10287952423095703
0.10322761535644531
0.1045827865600586
0.10419178009033203
0.10288691520690918
0.10529732704162598
0.10419297218322754
0.1037905216217041
0.10228753089904785
0.10387825965881348
0.10452818870544434
0.10393548011779785
0.10366106033325195
0.10240983963012695
0.10515141487121582
0.10365653038024902
0.10230064392089844
0.10197615623474121
0.10413980484008789
0.1047067642211914
0.1040804386138916
0.10245251655578613
0.10368847846984863
0.10387754440307617
0.10384130477905273
0.10291409492492676
0.10440373420715332
0.10532355308532715
0.10447525978088379
0.10436081886291504
0.10359025001525879
0.10444784164428711
0.10619783401489258
0.10435605049133301
0.10457324981689453
0.10300469398498535
0.10572195053100586
0.10645365715026855
0.10441255569458008
0.10520744323730469
0.10536074638366699
0.10583925247192383
0.1050262451171875
