6.91413879395e-06
1.09672546387e-05
1.59740447998e-05
4.60147857666e-05
5.10215759277e-05
4.60147857666e-05
6.60419464111e-05
7.9870223999e-05
0.000128984451294
0.000262975692749
0.000147104263306
0.000174045562744
0.000174045562744
0.000219106674194
0.000240087509155
0.000330924987793
0.000317811965942
0.000408887863159
0.000483989715576
0.000483989715576
0.000485897064209
0.000498056411743
0.000566005706787
0.000551223754883
0.00059700012207
0.000633001327515
0.000620126724243
0.000744104385376
0.000794887542725
0.000568151473999
0.000667095184326
0.000629901885986
0.000711917877197
0.000694990158081
0.000823020935059
0.000910997390747
0.000977039337158
0.00096607208252
0.00103998184204
0.0011088848114
0.00122094154358
0.00113320350647
0.00139904022217
0.00134301185608
0.00136089324951
0.00144600868225
0.00151205062866
0.0014750957489
0.0016758441925
0.00165510177612
0.00181293487549
0.00173687934875
0.00194311141968
0.00193095207214
0.00206518173218
0.00199913978577
0.00219178199768
0.00224184989929
0.00227308273315
0.00237321853638
0.0024881362915
0.00240898132324
0.00239706039429
0.00253510475159
0.00284910202026
0.00271797180176
0.00277900695801
0.00282311439514
0.00331878662109
0.00331401824951
0.00316286087036
0.00310277938843
0.00328302383423
0.00313687324524
0.00357103347778
0.00364708900452
0.00359201431274
0.00433087348938
0.00434708595276
0.00391983985901
0.00399899482727
0.00420212745667
0.00408911705017
0.00478601455688
0.00483584403992
0.00475811958313
0.00475001335144
0.00479388237
0.00486016273499
0.00498485565186
0.00551390647888
0.00544691085815
0.00536704063416
0.00531792640686
0.00540399551392
0.00553393363953
0.00595688819885
0.00600910186768
0.00576496124268
0.00585103034973
0.00682401657104
0.00594806671143
0.00656986236572
0.00647616386414
0.00647115707397
0.00726509094238
0.00700712203979
0.00726103782654
0.0073869228363
0.0077691078186
0.00726890563965
0.00814294815063
0.00784492492676
0.0078489780426
0.00826096534729
0.00789308547974
0.00902199745178
0.00875902175903
0.00867795944214
0.00850701332092
0.00942993164062
0.00938606262207
0.00956201553345
0.00986814498901
0.00979280471802
0.00986981391907
0.00994086265564
0.0100250244141
0.00981998443604
0.01043009758
0.0102620124817
0.0106761455536
0.0105490684509
0.0114638805389
0.0108120441437
0.0112929344177
0.0114140510559
0.0121541023254
0.0124402046204
0.0122261047363
0.0128440856934
0.0123341083527
0.0134620666504
0.0128819942474
0.0129969120026
0.0134198665619
0.0138349533081
0.0143511295319
0.0132701396942
0.0140907764435
0.0137000083923
0.0139629840851
0.0141341686249
0.0149419307709
0.0140860080719
0.0151979923248
0.0159509181976
0.0154590606689
0.0152781009674
0.0148150920868
0.0163688659668
0.0164828300476
0.0165300369263
0.0172820091248
0.0175449848175
0.0176510810852
0.01735496521
0.0177519321442
0.0182671546936
0.017993927002
0.0191650390625
0.017951965332
0.0181620121002
0.0195028781891
0.0186290740967
0.0195419788361
0.019740819931
0.0198271274567
0.0209028720856
0.0202088356018
0.0191750526428
0.0211989879608
0.0207450389862
0.0207929611206
0.0222778320312
0.0214450359344
0.0214068889618
0.0217881202698
0.0230748653412
0.0232510566711
0.0223639011383
0.0237369537354
0.0240468978882
0.0235521793365
0.0229871273041
0.0232961177826
0.0236439704895
0.0257248878479
0.0242397785187
0.0249071121216
0.0248000621796
0.0258159637451
0.0255138874054
0.0267100334167
0.0260000228882
0.0261220932007
0.0267457962036
0.0275959968567
0.0271570682526
0.0277400016785
0.0276589393616
0.0280611515045
0.0295798778534
0.0279710292816
0.0291838645935
0.0287718772888
0.0299990177155
0.028715133667
0.0294330120087
0.0306100845337
0.0303359031677
0.030061006546
0.0314500331879
0.0311090946198
0.0312070846558
0.0313510894775
0.0319621562958
0.0326819419861
0.0340659618378
0.033154964447
0.0327889919281
0.033725976944
0.0331058502197
0.0336420536041
0.0342690944672
0.0342409610748
0.0343270301819
0.0362908840179
0.0353038311005
0.0364830493927
0.0363278388977
0.0357780456543
0.036257982254
0.0357019901276
0.0369470119476
0.0371479988098
0.0374031066895
0.0375599861145
0.0386188030243
0.0388391017914
0.0381519794464
0.0409951210022
0.0416390895844
0.0405969619751
0.0413191318512
0.0415289402008
0.0401499271393
0.0418949127197
0.0405540466309
0.0427489280701
0.0441420078278
0.0421450138092
0.0424611568451
0.0425889492035
0.0447580814362
0.0441701412201
0.044930934906
0.0467689037323
0.0439910888672
0.044224023819
0.0444769859314
0.0461258888245
0.0449380874634
0.0462970733643
0.0442209243774
0.0465641021729
0.0468940734863
0.0469450950623
0.0483660697937
0.049173116684
0.047394990921
0.0484549999237
0.0502269268036
0.0493950843811
0.0514891147614
0.0501909255981
0.0517990589142
0.0521819591522
0.051463842392
0.0519862174988
0.0530121326447
0.0544240474701
0.0530300140381
0.0518450737
0.0527439117432
0.0557799339294
0.056291103363
0.0542449951172
0.0555400848389
0.0560009479523
0.0562279224396
0.0562520027161
0.0576839447021
0.0599360466003
0.0576388835907
0.0593180656433
0.0585248470306
0.0593559741974
0.0585470199585
0.0588641166687
0.0610539913177
0.0597651004791
0.0608279705048
0.0641241073608
0.0611989498138
0.0621619224548
0.063080072403
0.0626649856567
0.0627450942993
0.0633881092072
0.0647480487823
0.0647609233856
0.0674347877502
0.068629026413
0.0648989677429
0.0678510665894
0.0666329860687
0.068813085556
0.072037935257
0.0693778991699
0.0684700012207
0.0696039199829
0.0686440467834
0.0709919929504
0.0683920383453
0.0715010166168
0.0705111026764
0.0716631412506
0.0719139575958
0.0718991756439
0.0716679096222
0.0729970932007
0.0780401229858
0.0719029903412
0.0743329524994
0.0750639438629
0.075229883194
0.0739250183105
0.0753180980682
0.079304933548
0.0768370628357
0.0779738426208
0.0796501636505
0.0781869888306
0.0764079093933
0.0782909393311
0.07847905159
0.0806050300598
0.0797128677368
0.0795841217041
0.0796551704407
0.0815761089325
0.0798151493073
0.0822529792786
0.0837819576263
0.08318400383
0.0831339359283
0.0843679904938
0.0849139690399
0.086315870285
0.0835239887238
0.0858409404755
0.0864498615265
0.0896129608154
0.0879409313202
0.0886600017548
0.0886838436127
0.0871870517731
0.0888419151306
0.0892810821533
0.0898458957672
0.0903007984161
0.0900001525879
0.0901069641113
0.09197306633
0.0911078453064
0.0927269458771
0.091845035553
0.0958800315857
0.0979549884796
0.0945279598236
0.0958120822906
0.0961880683899
0.0951399803162
0.0951149463654
0.0954561233521
0.0974531173706
0.0993900299072
0.0967898368835
0.0994741916656
0.0958549976349
0.100059986115
0.0987739562988
0.100370883942
0.0999300479889
0.102743864059
0.101520061493
0.104043006897
0.101523160934
0.10517001152
0.103466033936
0.104621887207
0.104192018509
0.108026027679
0.109411001205
0.110464096069
0.109175920486
0.107382059097
0.105892181396
0.109507799149
0.110719919205
0.109863996506
0.109577178955
0.109899997711
0.111807823181
0.109745025635
0.112680912018
0.112916946411
0.110561132431
0.112057924271
0.115628957748
0.112394809723
0.114398956299
0.118692159653
0.11572599411
0.11630988121
0.115962028503
0.117845058441
0.120913982391
0.119789838791
0.123815059662
0.118885993958
0.123522996902
0.120604991913
0.122764110565
0.119832038879
0.121654033661
0.121350049973
0.127479791641
0.123382091522
0.124073982239
0.127746105194
0.127237796783
0.126083850861
0.128746032715
0.127878904343
0.141119003296
0.129307031631
0.135205030441
0.129850149155
0.13164806366
0.131963968277
0.130056858063
0.133754014969
0.136528968811
0.13509106636
0.137156963348
0.132999897003
0.131992101669
0.135237932205
0.148458957672
0.137416124344
0.136747121811
0.138626098633
0.140980005264
0.13921713829
0.14147901535
0.14276599884
0.139497041702
0.144158124924
0.144421815872
0.143604040146
0.142212152481
0.143560886383
0.144989013672
0.147204875946
0.148696899414
0.147716999054
0.146970033646
0.144621133804
0.14647603035
0.153617858887
0.150217056274
0.149928092957
0.150758981705
0.152623176575
0.153409004211
0.149440050125
0.160009860992
0.157954216003
0.156436920166
0.152993917465
0.153265953064
0.158227920532
0.159368991852
0.156907081604
0.162478923798
0.160848855972
0.161916971207
0.161659955978
0.168137788773
0.161488056183
0.164370059967
0.166330099106
0.160477161407
0.162685871124
0.163863897324
0.164171934128
0.167994022369
0.167891979218
0.171641111374
0.165926218033
0.170073986053
0.171411991119
0.168448925018
0.176971197128
0.171478033066
0.173554897308
0.175169944763
0.177709102631
0.174619913101
0.173327207565
0.176169157028
0.177948951721
0.172693014145
0.180749893188
0.182042837143
0.179267883301
0.183389902115
0.181246995926
0.180943012238
0.181470155716
0.183531999588
0.182111978531
0.20845413208
0.182461023331
0.183720827103
0.183711051941
0.185042142868
0.186428785324
0.184278011322
0.188759088516
0.186161994934
0.190913200378
0.189754962921
0.196218967438
0.192902088165
0.190776109695
0.195116996765
0.193976163864
0.189780950546
0.193490982056
0.20107293129
0.193498849869
0.191581010818
0.198682069778
0.19647693634
0.200688838959
0.19636297226
0.203071832657
0.202183008194
0.200335025787
0.198172092438
0.211309909821
0.204424858093
0.201489925385
0.205662965775
0.208378076553
0.209933996201
0.212011814117
0.208001852036
0.208150148392
0.211115837097
0.206020116806
0.211834907532
0.211348056793
0.212862014771
0.215195894241
0.21755695343
0.216757059097
0.220940113068
0.216037034988
0.218342065811
0.218289852142
0.217401027679
0.218214035034
0.220319986343
0.221962928772
0.221544027328
0.21958398819
0.218015909195
0.223536014557
0.223845005035
0.223761081696
0.227345228195
0.221479892731
0.223871946335
0.233376979828
0.226989030838
0.232581853867
0.226756095886
0.230445146561
0.22966003418
0.235051870346
0.231994867325
0.235471010208
0.23210477829
0.231870889664
0.233719825745
0.235141038895
0.240345001221
0.24282002449
0.234310150146
0.241145849228
0.244720935822
0.235850095749
0.2410800457
0.24661898613
0.251216173172
0.244677782059
0.247451066971
0.24485206604
0.248409986496
0.248022079468
0.245736122131
0.253320932388
0.253797054291
0.242048025131
0.258683919907
0.251417160034
0.256217002869
0.251836061478
0.260768175125
0.253265142441
0.256721973419
0.256974935532
0.25400686264
0.260813951492
0.254325151443
0.257848024368
0.262638807297
0.269016027451
0.261559009552
0.268507957458
0.25973200798
0.270421981812
0.262786865234
0.269479036331
0.266835927963
0.267705917358
0.267241954803
0.274511098862
0.275373935699
0.27694606781
0.274471998215
0.273111104965
0.278958082199
0.279765844345
0.276972055435
0.272740840912
0.281911849976
0.282966852188
0.281467914581
0.279806137085
0.280561923981
0.280200958252
0.283222913742
0.28414106369
0.282915115356
0.287948131561
0.293029785156
0.281473875046
0.291819810867
0.289963960648
0.290136098862
0.291373968124
0.290463924408
0.295283794403
0.292735099792
0.292992115021
0.293378829956
0.298124074936
0.300318002701
0.325495958328
0.294684886932
0.299010038376
0.297960042953
0.307550191879
0.305888175964
0.298338890076
0.299786090851
0.31005692482
0.306079149246
0.300189971924
0.31004691124
0.304983854294
0.335858106613
0.306896924973
0.312080860138
0.316778898239
0.316184043884
0.318871021271
0.309309005737
0.321160078049
0.316117048264
0.313715934753
0.320692062378
0.319297075272
0.316663980484
0.323665142059
0.322195053101
0.31788611412
0.320849895477
0.328423976898
0.324913024902
0.32519698143
0.323175907135
0.327292919159
0.324818134308
0.333648920059
0.338712930679
0.342439174652
0.332247018814
0.331096172333
0.33454990387
0.34032702446
0.33202791214
0.33573102951
0.34161901474
0.342973947525
0.335625886917
0.342854976654
0.343392133713
0.336624860764
0.349984884262
0.340656995773
0.343060970306
0.341521978378
0.354148864746
0.347333908081
0.351094007492
0.350316047668
0.35986995697
0.353126049042
0.349583864212
0.352073907852
0.35889005661
0.356896162033
0.355321884155
0.360064983368
0.362580776215
0.35549902916
0.365597963333
0.365516901016
0.36018705368
0.366800069809
0.364002943039
0.359934091568
0.361831903458
0.363598823547
0.368812084198
0.365280866623
0.369474887848
0.370120048523
0.371073961258
0.376529216766
0.396839141846
0.379247903824
0.381195068359
0.376933097839
0.377189159393
0.381955862045
0.375118017197
0.382883071899
0.383264064789
0.377626180649
0.393763065338
0.38371014595
0.385421991348
0.383645057678
0.381926059723
0.390328884125
0.395429134369
0.381098985672
0.393080949783
0.394367933273
0.397511005402
0.397943973541
0.401887893677
0.39670085907
0.404268980026
0.39776301384
0.399900913239
0.406225204468
0.396944046021
0.393786907196
0.403218984604
0.419313907623
0.392657995224
0.406221151352
0.403719186783
0.404918909073
0.407297849655
0.400339126587
0.421424865723
0.407112121582
0.41344499588
0.40894985199
0.411044120789
0.414841890335
0.423828840256
0.416990041733
0.430572986603
0.424770116806
0.415155887604
0.42444396019
0.423928022385
0.416415214539
0.423316001892
0.455826044083
0.430876970291
0.430335998535
0.434845924377
0.433297872543
0.437325954437
0.513485908508
0.436015129089
0.438683986664
0.433461904526
0.433677911758
0.485161066055
0.438326120377
0.438647031784
0.445524930954
0.441317081451
0.442144155502
0.44269990921
0.44192481041
0.445161104202
0.45471906662
0.442062854767
0.453222990036
0.448471069336
0.452879190445
0.453379869461
0.458786010742
0.458369970322
0.459032058716
0.458254814148
0.457612991333
0.463192939758
0.458492994308
0.456054210663
0.469070911407
0.464002847672
0.469125986099
0.467980861664
0.470017910004
0.460409879684
0.477220058441
0.469573974609
0.49503493309
0.470568180084
0.466239929199
0.477912902832
0.481593132019
0.482222080231
0.495280981064
0.47619509697
0.480110883713
0.485072851181
0.479911804199
0.485649108887
0.501162052155
0.482120037079
0.486735105515
0.515221834183
0.486239910126
0.480687856674
0.487599134445
0.502624034882
0.497440099716
0.490660190582
0.493015050888
0.492913007736
0.49046087265
0.49728512764
0.507171869278
0.498448133469
0.493653059006
0.504408836365
0.492470979691
0.524770975113
0.502028942108
0.500361919403
0.502856016159
0.526180028915
0.513258934021
0.517393827438
0.518342971802
0.545350074768
0.516041040421
0.508822917938
0.516282081604
0.53041601181
0.520983934402
0.515464067459
0.521933794022
0.519957065582
0.520735025406
0.518137931824
0.530040025711
0.526209115982
0.527420043945
0.533460855484
0.533164978027
0.523377895355
0.52711892128
0.52990603447
0.542050123215
0.53006196022
0.543431043625
0.546787977219
0.533610105515
0.549333095551
0.539941072464
0.563629150391
0.564723968506
0.596637964249
0.550799131393
0.554383993149
0.565685033798
0.547121047974
0.551311969757
0.557121038437
0.564221858978
0.552122116089
0.577452898026
0.57578587532
0.558954000473
0.561612129211
0.573153972626
0.559928178787
0.574223995209
0.566120147705
0.567656040192
0.572894096375
0.574046850204
0.571480035782
0.57692694664
0.570013046265
0.578762054443
0.571081876755
0.582556962967
0.590451955795
0.588291883469
0.570183992386
0.585792064667
0.575376033783
0.596811056137
0.605329990387
0.583426952362
0.593116998672
0.585638999939
0.590057134628
0.589294910431
0.595731973648
0.589397907257
0.589121818542
0.615119934082
0.610235929489
0.595227956772
0.600168943405
0.612957000732
0.596956968307
0.618219137192
0.611535072327
0.607480049133
0.600061893463
0.626257181168
0.607764005661
0.610215187073
0.607766866684
0.614239931107
0.610082149506
0.618180990219
0.653671979904
0.620064020157
0.622918844223
0.611696958542
0.628479003906
0.619395017624
0.623179912567
0.627892971039
0.626760005951
0.62332201004
0.6281208992
0.636510133743
0.631303071976
0.631110191345
0.640904188156
0.642155885696
0.806171894073
0.660959005356
0.649594068527
0.656433105469
0.64905500412
0.642930984497
0.643778085709
0.641891956329
0.645429134369
0.641286849976
0.645208835602
0.651191949844
0.661084890366
0.65042090416
0.663670063019
0.667242050171
0.658952951431
0.655116081238
0.661382913589
0.673729896545
0.672007083893
0.661285877228
0.68314909935
0.651882886887
0.667695999146
0.663781881332
0.662515878677
0.676987886429
0.672384023666
0.68155503273
0.669009208679
0.686516046524
0.680397033691
0.69175195694
0.692149877548
0.686555862427
0.682615995407
0.681457996368
0.68701004982
0.684899091721
0.698317050934
0.705542087555
0.685110807419
0.695242166519
0.69154882431
0.694947004318
0.699072122574
0.70524597168
0.720707178116
0.682969808578
0.695295095444
0.710003137589
0.699643135071
0.699584960938
0.711019992828
0.734288930893
0.711789131165
0.707481145859
0.703381061554
0.712906122208
0.734812021255
0.711369991302
0.731465101242
0.725998878479
0.711498975754
0.718422889709
0.733330965042
0.7332239151
0.715820074081
0.723805904388
0.728404998779
0.727967023849
0.751770973206
0.726036071777
0.726264953613
0.741450071335
0.744596004486
0.7306599617
0.728028059006
0.737798929214
0.745288848877
0.741639137268
0.750117063522
0.746855020523
0.748888969421
0.735667943954
0.738336086273
0.749128818512
0.749058008194
0.758738040924
0.752941846848
0.755285024643
0.752670049667
0.766344070435
0.781922101974
0.761307001114
0.765474081039
0.759150028229
0.770136117935
0.762518882751
0.780122041702
0.763111114502
0.773740053177
0.761494159698
0.770756959915
0.77628993988
0.769935846329
0.795373916626
0.778862953186
0.782971858978
0.783576011658
0.778938055038
0.787108898163
0.788488864899
0.788586854935
0.804701805115
0.790577888489
0.816033840179
0.810180187225
0.784687042236
0.798606157303
0.789048910141
0.813057899475
0.802350997925
0.838231086731
0.791123867035
0.815814971924
0.80057311058
0.803153038025
0.812824964523
0.810748100281
0.832216978073
0.813354969025
0.821073770523
0.817455053329
0.822471141815
0.811107873917
0.817534923553
0.826766014099
0.84014415741
0.83788394928
0.831408023834
0.833554029465
0.839916944504
0.828808069229
0.832159042358
0.84394288063
0.842169046402
0.83601808548
0.850656032562
0.837635040283
0.842060089111
0.849272012711
0.843328952789
0.852749109268
0.857990026474
0.846550941467
0.851484060287
0.862269878387
0.853991985321
0.851201057434
0.861171960831
0.85186290741
0.847537994385
0.896635770798
0.860109090805
0.861591100693
0.897015094757
0.882091999054
0.873532056808
0.886437892914
0.862558841705
0.892945051193
0.873016119003
0.875946998596
0.867649078369
0.879791021347
0.878010034561
0.897158145905
0.906527042389
0.876397848129
0.888179779053
0.896937131882
0.877193927765
0.893826007843
0.889972925186
0.892497062683
0.89089512825
0.88258099556
0.914386987686
0.910713195801
0.88972401619
0.911410093307
0.89552116394
0.899094820023
0.911844968796
0.910663843155
0.914130210876
0.910369873047
0.927023887634
0.934478998184
0.917111158371
0.922681093216
0.929404020309
0.951772928238
0.93496799469
0.931726932526
0.936578989029
0.929421901703
0.931390047073
0.941313028336
0.918673038483
0.939591169357
1.0375430584
0.961678028107
0.967767953873
0.951188087463
0.936753034592
0.935824871063
0.944381952286
0.936709880829
0.941956996918
0.970293998718
0.947182893753
0.935544013977
0.956897974014
0.965221166611
0.983921051025
0.953480005264
0.970478057861
0.959057092667
0.945721149445
0.963073015213
0.978302955627
0.984926939011
0.988042831421
0.973121881485
0.974102020264
0.963865041733
0.98792886734
0.979404211044
1.045140028
1.33925700188
0.978069067001
0.985941886902
0.994146108627
0.987624883652
0.987322092056
0.982881069183
1.00124001503
0.994425058365
0.994424104691
0.997385978699
0.997526168823
0.994392156601
1.00009512901
1.70734906197
1.34035897255
1.01399803162
1.78403496742
1.27626490593
1.01634502411
1.89828896523
1.17326903343
1.02113103867
2.07255506516
1.06806182861
1.15509200096
1.95307302475
1.04257202148
1.35690593719
1.75949001312
1.0275759697
1.50711894035
1.60318684578
1.02341198921
1.69202589989
1.78186702728
1.27088594437
1.04357409477
1.02656078339
1.04945898056
1.05940198898
1.05089378357
1.0433049202
1.06743597984
1.87001991272
1.28086709976
1.06127715111
1.06435894966
1.05778288841
1.07830095291
1.05484509468
1.0758368969
1.07714605331
1.05599999428
1.05489802361
1.07256793976
1.10331892967
1.07796001434
1.08007097244
1.07843399048
1.0684659481
1.12856197357
1.0777630806
1.08687186241
1.07217502594
1.07789611816
1.10320210457
1.10697102547
1.09445595741
1.09755802155
1.0978269577
1.08954596519
1.1084420681
1.10951113701
1.08158802986
1.10418200493
1.09163498878
1.0982170105
1.10707712173
1.10754513741
1.11852502823
1.11825299263
1.11912608147
1.12354493141
1.14284801483
1.13067102432
1.15070605278
1.15557384491
1.16697192192
1.12706899643
1.15556192398
1.17666602135
1.1469438076
1.14789509773
1.13386702538
1.13203001022
1.15201687813
1.13567495346
1.15887594223
1.14322781563
1.21685099602
2.12422394753
1.15850687027
1.17250990868
1.15557789803
1.16318488121
1.15099000931
1.15120196342
1.17391896248
1.16984796524
1.16153812408
1.16904592514
1.15817308426
1.16843795776
1.18254804611
1.18506193161
1.1952381134
1.18222308159
1.18389511108
1.15169405937
1.18140697479
1.20059800148
1.22911906242
1.18140292168
1.20951104164
1.20038890839
1.19741010666
1.18283009529
1.1868789196
1.19533801079
1.20679807663
1.19713711739
1.20128202438
1.20631599426
1.22508382797
1.20263004303
1.2152838707
1.21024703979
1.22543096542
1.21095609665
1.21583986282
1.21606612206
1.22434806824
1.20759010315
1.2218310833
1.19549894333
1.2332470417
1.2149617672
1.23428487778
1.23831009865
1.24130797386
1.23228597641
1.23561191559
2.14631605148
1.37796497345
1.27087903023
1.24397206306
1.24599504471
1.24667000771
1.23354005814
1.28484892845
1.25594902039
1.24434018135
1.26854896545
1.25393390656
1.25122499466
1.24957489967
1.25151085854
1.25757598877
1.26264500618
1.29183602333
1.31315302849
1.26453399658
1.289290905
1.27284312248
1.27910399437
1.27049994469
1.27786898613
1.29663991928
1.2809510231
1.27967715263
1.27192592621
1.28520083427
1.3125269413
1.32516002655
1.33275508881
1.30080795288
1.29285001755
1.29826402664
1.29945397377
1.2957341671
1.31598687172
1.31777095795
1.35121798515
1.30372691154
1.32855010033
1.328166008
1.31637310982
1.32754278183
1.32050299644
1.36800909042
1.33192896843
1.33125305176
1.33222985268
1.32326602936
1.3472430706
1.33575820923
1.64171385765
1.38547611237
1.37709903717
1.36076402664
1.35766196251
1.3473110199
1.34286689758
1.35327792168
1.36722898483
1.36244606972
1.37133097649
1.34240293503
1.35294294357
1.41861486435
1.3931479454
1.35662388802
1.36841201782
1.3701210022
1.3754029274
1.36786293983
1.42137980461
1.37198114395
1.40717196465
1.38675117493
1.38420891762
1.39338493347
1.39035582542
1.39422607422
1.42017602921
1.41635417938
1.41453194618
1.41193795204
1.40412807465
1.40595889091
1.41048693657
1.40532684326
1.41149711609
1.42052817345
1.4021320343
1.42747187614
1.44105505943
1.43352794647
1.44507694244
1.47753596306
1.44419598579
1.44652104378
1.43250799179
1.44796299934
1.44934296608
1.43504619598
1.43299102783
1.45593214035
1.44764208794
1.46250796318
1.5276529789
1.45793890953
1.46499991417
1.47656416893
1.44163298607
1.49008607864
1.45248508453
1.52616715431
1.46969103813
1.47324609756
1.45977687836
1.47616910934
1.48555207253
1.4796731472
1.48927903175
1.47513008118
1.49039006233
1.49144482613
1.50902199745
1.4632730484
1.49021697044
1.52309608459
1.49451088905
1.48887896538
1.49438095093
1.48391985893
1.51239609718
1.50645184517
1.49397110939
1.51810097694
1.50167012215
2.22181797028
1.52765011787
1.52934479713
1.51584982872
1.54883289337
1.53447914124
1.50340199471
1.52332377434
1.54918885231
1.55197811127
1.57346916199
1.63804411888
1.54682898521
1.52421712875
1.55963993073
1.55906105042
1.51445221901
1.58962011337
1.590487957
1.53885483742
1.53046488762
1.84831809998
2.32283091545
1.59307098389
1.50881290436
1.57891702652
1.63016819954
1.59497094154
1.60820198059
1.71947002411
1.59775805473
1.60831308365
1.57595992088
1.62908101082
1.67174100876
1.70492005348
1.61183714867
1.71687698364
1.57240986824
1.55096197128
1.53080201149
1.5332300663
1.56594419479
1.59176683426
1.7236199379
1.72812581062
1.67736315727
1.57596516609
1.67416286469
1.80495095253
1.73693799973
2.40769004822
2.84292602539
1.69928812981
1.64651107788
1.63091397285
1.6270699501
1.66719388962
1.63740205765
1.64759278297
1.6954600811
1.69024705887
1.64866495132
1.65135216713
1.64864993095
1.68408703804
1.68229603767
1.65499806404
1.65978813171
1.65645289421
1.66764998436
1.78732800484
1.78834486008
1.70377898216
1.69472002983
1.68935990334
1.81436514854
1.80228686333
2.50836110115
2.92243885994
1.68171095848
1.67307305336
1.69376111031
1.69030213356
1.69422292709
1.70341110229
1.76326394081
1.71487307549
1.73097515106
1.69924592972
1.71307992935
1.70214509964
1.6987118721
1.71061897278
1.74137592316
1.72088098526
1.7270321846
1.73393297195
1.76010012627
1.72955608368
1.72329306602
1.73029994965
1.77495503426
1.72716093063
1.7646291256
1.76133799553
1.78518390656
1.74716210365
1.76990604401
1.74647307396
1.76218104362
1.81610298157
1.88072299957
1.82908797264
1.75704598427
1.80185699463
1.89997196198
2.88453912735
1.79164004326
1.78622508049
1.76971292496
1.7980158329
1.80695199966
1.75820088387
1.78378105164
1.80945396423
1.8063018322
1.79968810081
1.79146504402
1.80944299698
1.79646205902
1.8134188652
1.81413197517
1.79508209229
1.82540202141
1.82000398636
1.79751205444
1.79154801369
1.81104421616
1.83838796616
1.81015586853
1.80345606804
1.86798000336
1.82744312286
1.82446599007
1.8460919857
1.85789299011
1.91870689392
1.82388401031
1.82738494873
1.83192396164
1.83825016022
1.87896203995
1.82286500931
1.87128686905
1.86751198769
1.88371896744
1.86362314224
1.90702009201
1.85061001778
1.86947607994
1.87391996384
1.86946415901
1.87667393684
1.88578796387
1.85476994514
1.88357019424
1.95170497894
1.89506411552
1.9132809639
2.63955903053
1.89925312996
1.88251185417
1.89826703072
1.91271305084
1.90181708336
1.89728498459
1.92633605003
1.89359688759
1.89128613472
1.93203210831
1.91114497185
1.9043700695
1.90758705139
1.91319394112
1.93758201599
1.92211890221
1.94072699547
1.93477296829
1.9354019165
2.02231287956
1.94239091873
1.94647407532
1.93802690506
1.93929195404
1.92262792587
1.96618700027
1.94021105766
1.93290710449
1.92403006554
1.9730360508
1.96268701553
1.96473693848
1.96929788589
1.95353317261
2.40141797066
1.99758386612
1.97222995758
1.99958205223
1.94765901566
1.99566316605
1.95413804054
1.98719787598
1.95947098732
2.04173016548
2.02233409882
1.99194192886
2.00526189804
2.02058005333
1.99931001663
2.00296902657
2.02105498314
1.98316407204
1.9865489006
2.00535917282
2.04806208611
2.01505804062
2.06272101402
2.03007388115
2.00846099854
2.03354096413
2.05698800087
2.04859900475
2.09398603439
2.04482483864
2.02407288551
2.02981591225
2.0819029808
2.0081281662
2.04009199142
2.04506611824
2.06161904335
2.20580101013
2.1265809536
2.05855798721
2.08159303665
2.08477807045
2.66830396652
2.63533401489
2.07945895195
2.05339097977
2.06447696686
2.09836888313
2.06795907021
2.07173919678
2.10653996468
2.10049295425
2.20436000824
2.1015791893
2.09559488297
2.11942505836
2.09623503685
2.14711499214
2.11186599731
2.09449601173
2.11880588531
2.1160941124
2.1355099678
2.1294438839
2.12299394608
2.15317082405
2.12758398056
2.14074110985
2.10702800751
2.11837100983
2.10868215561
2.14009594917
4.3070089817
2.16379094124
2.14032196999
2.12586307526
2.16053700447
2.17117595673
2.13771080971
2.13462495804
2.14220309258
2.14959597588
2.14986205101
2.16341090202
2.17824983597
2.19215607643
2.18072509766
2.16016721725
2.18584990501
2.17259597778
2.18307590485
2.24106693268
2.21291208267
2.19542598724
2.29072284698
2.23193407059
2.2058429718
2.20689797401
2.19661593437
2.23997092247
2.17451405525
2.19562888145
2.29586291313
2.36321496964
2.29654502869
2.76796412468
4.94145703316
2.42405295372
2.20987010002
2.24491977692
2.23918795586
2.21988391876
2.23775100708
2.26519703865
2.28248405457
2.25826907158
2.42228984833
2.40980911255
2.29099798203
3.93080615997
2.27650117874
2.28109383583
2.28070807457
2.33784604073
2.28608393669
2.25943207741
2.26694393158
2.28079390526
2.27173805237
2.33768796921
2.39521789551
2.4664940834
4.06213879585
2.33914709091
2.29802703857
2.30996108055
2.2922539711
2.30646395683
2.31824684143
2.33644199371
2.32097387314
2.3286690712
2.30992984772
2.30738210678
2.34283399582
2.32044005394
2.340955019
2.31202197075
2.36898589134
2.2990899086
2.34617090225
5.02731609344
2.36117386818
2.34578084946
2.34680509567
2.38357400894
2.35939002037
2.3763051033
2.33976006508
2.38332509995
2.31665611267
2.40579485893
2.53605294228
2.42665100098
4.27228784561
2.41815495491
2.36769413948
2.3411898613
2.37605714798
2.4237909317
2.42291903496
2.42234396935
2.40167117119
2.38854598999
2.4166829586
2.44414687157
2.40223884583
2.39940500259
2.42977380753
2.38115787506
2.62422800064
4.22474908829
2.42944908142
2.43026614189
2.42317509651
2.39493513107
2.43742394447
2.39980697632
2.48267817497
2.38853597641
2.45427894592
2.43680691719
2.49219202995
2.44267296791
2.51133084297
2.4718170166
2.45147395134
2.45004200935
2.46302604675
2.44913721085
2.4679350853
2.4313158989
2.46180510521
2.61366605759
2.57009792328
2.51859498024
2.50282001495
2.49343085289
3.85737705231
2.52576088905
2.53595089912
2.46058702469
2.46865701675
2.4936041832
2.57008218765
2.51241493225
2.50129199028
2.46983790398
2.50073480606
2.52891898155
2.6153550148
2.48085188866
2.51771903038
2.50671291351
2.49326086044
2.51458311081
3.25926399231
2.5473511219
2.55653810501
2.67446398735
2.66228413582
2.54231286049
2.55942702293
2.54588389397
2.55235600471
2.54585695267
2.75480604172
3.48200702667
2.66558003426
2.66899704933
2.59291911125
2.52725982666
2.52084898949
2.53026604652
2.5290749073
2.60120892525
2.49831080437
2.52322483063
2.48753404617
2.51730585098
