5.4836273193359375e-06
9.775161743164062e-06
1.2636184692382812e-05
1.9073486328125e-05
2.6226043701171875e-05
3.314018249511719e-05
4.029273986816406e-05
4.839897155761719e-05
5.602836608886719e-05
6.4849853515625e-05
8.273124694824219e-05
0.00011992454528808594
0.00012969970703125
0.0001475811004638672
0.00015926361083984375
0.00011754035949707031
0.0001270771026611328
0.00014257431030273438
0.00014328956604003906
0.0002205371856689453
0.00016117095947265625
0.00018358230590820312
0.0001811981201171875
0.00018930435180664062
0.0001995563507080078
0.0002086162567138672
0.00021839141845703125
0.0002269744873046875
0.00023698806762695312
0.00024890899658203125
0.00025773048400878906
0.0002720355987548828
0.0003368854522705078
0.0003523826599121094
0.0003147125244140625
0.0003147125244140625
0.00031566619873046875
0.00032591819763183594
0.00034546852111816406
0.0003592967987060547
0.0003676414489746094
0.0003650188446044922
0.0006451606750488281
0.0006346702575683594
0.0006172657012939453
0.0006103515625
0.0005197525024414062
0.0004444122314453125
0.0005676746368408203
0.0004589557647705078
0.0004992485046386719
0.0004994869232177734
0.00048279762268066406
0.0005066394805908203
0.0004925727844238281
0.0005037784576416016
0.0005354881286621094
0.0005583763122558594
0.0005660057067871094
0.0005757808685302734
0.0006597042083740234
0.0010576248168945312
0.0008282661437988281
0.0007016658782958984
0.0006239414215087891
0.0006878376007080078
0.0006725788116455078
0.0006799697875976562
0.0007555484771728516
0.0006759166717529297
0.0006856918334960938
0.0007309913635253906
0.0007803440093994141
0.0007266998291015625
0.0007128715515136719
0.001209259033203125
0.0008332729339599609
0.0010271072387695312
0.0008080005645751953
0.0007975101470947266
0.0011107921600341797
0.0008232593536376953
0.0008578300476074219
0.0008714199066162109
0.0009033679962158203
0.0008685588836669922
0.0012140274047851562
0.0013132095336914062
0.0009944438934326172
0.000972747802734375
0.0009365081787109375
0.0010149478912353516
0.0009837150573730469
0.0009713172912597656
0.00098419189453125
0.0010309219360351562
0.0010485649108886719
0.0012359619140625
0.0013704299926757812
0.0016143321990966797
0.0011153221130371094
0.0014219284057617188
0.0011265277862548828
0.0011239051818847656
0.001177072525024414
0.0011730194091796875
0.0011830329895019531
0.0019447803497314453
0.0012819766998291016
0.0012836456298828125
0.0012164115905761719
0.0012814998626708984
0.0012865066528320312
0.0014750957489013672
0.0013282299041748047
0.0021605491638183594
0.0012793540954589844
0.0012772083282470703
0.0012938976287841797
0.001733541488647461
0.0013589859008789062
0.0013699531555175781
0.0013430118560791016
0.0014085769653320312
0.0013728141784667969
0.0014355182647705078
0.0015790462493896484
0.0015821456909179688
0.0015289783477783203
0.0016078948974609375
0.0015301704406738281
0.001485586166381836
0.0015361309051513672
0.0014910697937011719
0.00150299072265625
0.0015361309051513672
0.0015988349914550781
0.0016553401947021484
0.001631021499633789
0.0018353462219238281
0.0018229484558105469
0.0017480850219726562
0.0017294883728027344
0.0017178058624267578
0.0016644001007080078
0.0016531944274902344
0.0016891956329345703
0.0016698837280273438
0.0017728805541992188
0.001828908920288086
0.0017518997192382812
0.002008199691772461
0.0018537044525146484
0.001974344253540039
0.001912832260131836
0.0019359588623046875
0.0018918514251708984
0.001894235610961914
0.0020780563354492188
0.0018467903137207031
0.0019199848175048828
0.001890420913696289
0.0022296905517578125
0.0019903182983398438
0.0020415782928466797
0.0019533634185791016
0.001987934112548828
0.0020074844360351562
0.0019598007202148438
0.0020453929901123047
0.0020728111267089844
0.0020139217376708984
0.0022652149200439453
0.002198457717895508
0.0022444725036621094
0.002133607864379883
0.002107381820678711
0.0020923614501953125
0.0021164417266845703
0.002164602279663086
0.002283811569213867
0.0022101402282714844
0.0022478103637695312
0.0023686885833740234
0.0022170543670654297
0.002191781997680664
0.002270221710205078
0.0022928714752197266
0.002329587936401367
0.002306699752807617
0.002398967742919922
0.002325296401977539
0.0026383399963378906
0.002534627914428711
0.002408266067504883
0.0023751258850097656
0.0023546218872070312
0.002396821975708008
0.002452850341796875
0.0027227401733398438
0.002734661102294922
0.002485036849975586
0.002483367919921875
0.0024793148040771484
0.0024576187133789062
0.0025010108947753906
0.002648591995239258
0.0026214122772216797
0.00249481201171875
0.0025720596313476562
0.0027506351470947266
0.0028989315032958984
0.002671480178833008
0.00264739990234375
0.002685070037841797
0.0030400753021240234
0.002928018569946289
0.0026683807373046875
0.0027451515197753906
0.002669811248779297
0.0026884078979492188
0.0027494430541992188
0.0027303695678710938
0.002965688705444336
0.002825021743774414
0.002788543701171875
0.0028312206268310547
0.002827167510986328
0.002962350845336914
0.0029158592224121094
0.0031359195709228516
0.0031697750091552734
0.0028395652770996094
0.0028748512268066406
0.002959012985229492
0.0029163360595703125
0.002973318099975586
0.0033311843872070312
0.0033750534057617188
0.0030438899993896484
0.003089427947998047
0.003188610076904297
0.0030727386474609375
0.0030193328857421875
0.003208637237548828
0.003134012222290039
0.003169536590576172
0.003083467483520508
0.0031096935272216797
0.0034296512603759766
0.0035066604614257812
0.003284931182861328
0.0035598278045654297
0.003298521041870117
0.0032732486724853516
0.00345611572265625
0.003354310989379883
0.0032927989959716797
0.003216981887817383
0.003585338592529297
0.0035800933837890625
0.0034546852111816406
0.00345611572265625
0.0036270618438720703
0.003361940383911133
0.003438234329223633
0.0033593177795410156
0.003464221954345703
0.003379344940185547
0.003817319869995117
0.0034770965576171875
0.003513813018798828
0.00356292724609375
0.0034906864166259766
0.0035042762756347656
0.0036649703979492188
0.0036334991455078125
0.003696441650390625
0.0036077499389648438
0.0036509037017822266
0.003595590591430664
0.003936767578125
0.003645658493041992
0.0036499500274658203
0.003594636917114258
0.0037453174591064453
0.004039287567138672
0.003818988800048828
0.003859281539916992
0.003745555877685547
0.003717184066772461
0.003832101821899414
0.004176139831542969
0.003947734832763672
0.0038514137268066406
0.0038144588470458984
0.004141092300415039
0.00406193733215332
0.0038788318634033203
0.00411677360534668
0.004009723663330078
0.003897428512573242
0.004016876220703125
0.00419163703918457
0.003926753997802734
0.004081249237060547
0.004089832305908203
0.004122734069824219
0.004558086395263672
0.004041910171508789
0.004045009613037109
0.004202604293823242
0.004122018814086914
0.004169940948486328
0.004429817199707031
0.004191398620605469
0.004181623458862305
0.004214763641357422
0.0044841766357421875
0.004195690155029297
0.004198789596557617
0.004194498062133789
0.004370212554931641
0.0043163299560546875
0.004328727722167969
0.004647016525268555
0.004266262054443359
0.004248380661010742
0.004578828811645508
0.004323244094848633
0.0046367645263671875
0.004464387893676758
0.004412651062011719
0.0046389102935791016
0.0043506622314453125
0.0044710636138916016
0.0045013427734375
0.004503965377807617
0.004635810852050781
0.00446319580078125
0.004637479782104492
0.004481077194213867
0.004871368408203125
0.004738807678222656
0.004479885101318359
0.004643678665161133
0.0046215057373046875
0.0047473907470703125
0.004639863967895508
0.0046253204345703125
0.0046825408935546875
0.0046939849853515625
0.004683494567871094
0.00491786003112793
0.0047299861907958984
0.004806041717529297
0.004988908767700195
0.004861354827880859
0.00479888916015625
0.004892110824584961
0.0048596858978271484
0.00491642951965332
0.005400657653808594
0.004866123199462891
0.005036830902099609
0.004968881607055664
0.004851341247558594
0.005136013031005859
0.0051615238189697266
0.005250215530395508
0.005166530609130859
0.005209684371948242
0.0050868988037109375
0.005001068115234375
0.0057430267333984375
0.005222320556640625
0.005212068557739258
0.005839824676513672
0.005121469497680664
0.00524449348449707
0.005339145660400391
0.0053822994232177734
0.005785465240478516
0.0051615238189697266
0.006981611251831055
0.00560450553894043
0.005335330963134766
0.00523686408996582
0.0059130191802978516
0.005818843841552734
0.005552768707275391
0.005281209945678711
0.0056591033935546875
0.005539417266845703
0.0054569244384765625
0.005722999572753906
0.0054171085357666016
0.006005764007568359
0.005694866180419922
0.005729198455810547
0.006232738494873047
0.005385637283325195
0.0056073665618896484
0.005839824676513672
0.00568079948425293
0.005627155303955078
0.005713701248168945
0.005923748016357422
0.005537271499633789
0.005615234375
0.005646944046020508
0.005656242370605469
0.0054819583892822266
0.0059337615966796875
0.005635976791381836
0.0058705806732177734
0.005658626556396484
0.005601167678833008
0.005608320236206055
0.00610661506652832
0.005666017532348633
0.005743741989135742
0.005853176116943359
0.005852222442626953
0.005677461624145508
0.005950927734375
0.006129741668701172
0.00593256950378418
0.00582432746887207
0.005886554718017578
0.006158351898193359
0.005956888198852539
0.00597691535949707
0.006041765213012695
0.005900859832763672
0.006227970123291016
0.005966663360595703
0.00654911994934082
0.00608515739440918
0.0061626434326171875
0.006434917449951172
0.006321430206298828
0.006190299987792969
0.00611114501953125
0.0068817138671875
0.0061492919921875
0.006335258483886719
0.007096529006958008
0.0064601898193359375
0.00655674934387207
0.006570100784301758
0.006493330001831055
0.006139993667602539
0.006361722946166992
0.006850481033325195
0.0064640045166015625
0.006562232971191406
0.0073795318603515625
0.006411552429199219
0.006655454635620117
0.006946563720703125
0.006391763687133789
0.006630897521972656
0.006924629211425781
0.006550788879394531
0.0063991546630859375
0.006430149078369141
0.006878852844238281
0.00643467903137207
0.006547212600708008
0.006593942642211914
0.0070285797119140625
0.006529808044433594
0.006783246994018555
0.006693840026855469
0.00668787956237793
0.0065267086029052734
0.006654024124145508
0.007168292999267578
0.0067081451416015625
0.0071337223052978516
0.006670236587524414
0.006696462631225586
0.0076007843017578125
0.006650686264038086
0.006743907928466797
0.006791114807128906
0.0071260929107666016
0.00670313835144043
0.007130861282348633
0.0068166255950927734
0.006752967834472656
0.007035493850708008
0.006951093673706055
0.006879091262817383
0.007027149200439453
0.007511615753173828
0.007333993911743164
0.007094621658325195
0.007353305816650391
0.007134675979614258
0.007742404937744141
0.007319927215576172
0.007665872573852539
0.007236480712890625
0.007512092590332031
0.013222455978393555
0.007365703582763672
0.007274627685546875
0.007489919662475586
0.007196903228759766
0.010014057159423828
0.00962066650390625
0.012382984161376953
0.010234594345092773
0.007228374481201172
0.0072553157806396484
0.007756948471069336
0.007599592208862305
0.010977029800415039
0.0077342987060546875
0.007285594940185547
0.007700204849243164
0.007431983947753906
0.008924245834350586
0.007490396499633789
0.0076694488525390625
0.007834196090698242
0.007692098617553711
0.007411479949951172
0.007466793060302734
0.007976293563842773
0.0074558258056640625
0.007486581802368164
0.008168697357177734
0.007612943649291992
0.007776498794555664
0.0077626705169677734
0.00773930549621582
0.007708549499511719
0.00803828239440918
0.007540464401245117
0.008450031280517578
0.007638454437255859
0.007921457290649414
0.0077021121978759766
0.008026599884033203
0.0078125
0.008134603500366211
0.008093833923339844
0.008319616317749023
0.008222818374633789
0.007953405380249023
0.007860183715820312
0.008365154266357422
0.008086442947387695
0.007939815521240234
0.007934093475341797
0.008563041687011719
0.008148670196533203
0.007970094680786133
0.008593082427978516
0.008022546768188477
0.008108854293823242
0.008214235305786133
0.008106231689453125
0.008510112762451172
0.008078813552856445
0.008024215698242188
0.008452892303466797
0.008196115493774414
0.008533000946044922
0.008630037307739258
0.008373737335205078
0.00876164436340332
0.008134841918945312
0.008125543594360352
0.008765697479248047
0.008145809173583984
0.008668184280395508
0.008171319961547852
0.008126020431518555
0.00875544548034668
0.008372306823730469
0.00866842269897461
0.008313179016113281
0.008671760559082031
0.00906515121459961
0.008478641510009766
0.00891733169555664
0.00861978530883789
0.008557319641113281
0.009445905685424805
0.008381843566894531
0.008840560913085938
0.008809089660644531
0.008436203002929688
0.009099006652832031
0.00850987434387207
0.009247303009033203
0.008872509002685547
0.008567333221435547
0.008818864822387695
0.008589029312133789
0.00905919075012207
0.008779287338256836
0.008556842803955078
0.009023904800415039
0.008620023727416992
0.009085655212402344
0.0089263916015625
0.008786678314208984
0.009119510650634766
0.008762359619140625
0.00875544548034668
0.00971221923828125
0.00909876823425293
0.008912324905395508
0.009098291397094727
0.008931875228881836
0.009284257888793945
0.009356498718261719
0.00908660888671875
0.008850574493408203
0.00966501235961914
0.009103775024414062
0.009299278259277344
0.009009361267089844
0.008932828903198242
0.009500980377197266
0.009007692337036133
0.009702682495117188
0.009284496307373047
0.009267091751098633
0.009599924087524414
0.009135246276855469
0.009446382522583008
0.009126901626586914
0.009684562683105469
0.009368896484375
0.009596109390258789
0.009436845779418945
0.009224653244018555
0.009821414947509766
0.00933837890625
0.009232282638549805
0.009386539459228516
0.009788990020751953
0.009765386581420898
0.009340524673461914
0.009445667266845703
0.009478569030761719
0.009907722473144531
0.010061979293823242
0.010143518447875977
0.009557008743286133
0.00973200798034668
0.009447097778320312
0.009739160537719727
0.00997018814086914
0.009494543075561523
0.010042190551757812
0.009629011154174805
0.009845972061157227
0.009703636169433594
0.009920358657836914
0.00977182388305664
0.00976109504699707
0.010159015655517578
0.010006904602050781
0.010135650634765625
0.00994253158569336
0.010165214538574219
0.009679317474365234
0.010187387466430664
0.010071992874145508
0.00996088981628418
0.010381698608398438
0.010127544403076172
0.010231494903564453
0.009833574295043945
0.01034235954284668
0.009737014770507812
0.010272502899169922
0.01065373420715332
0.010374784469604492
0.009963750839233398
0.010320663452148438
0.00997304916381836
0.010131597518920898
0.010488510131835938
0.00997614860534668
0.010302543640136719
0.010166645050048828
0.010185003280639648
0.010296344757080078
0.010861396789550781
0.010020256042480469
0.010752677917480469
0.010045051574707031
0.010651350021362305
0.01018977165222168
0.010153770446777344
0.010814666748046875
0.010886430740356445
0.010882854461669922
0.01045989990234375
0.010612010955810547
0.010864019393920898
0.010346412658691406
0.010650634765625
0.010712862014770508
0.010290861129760742
0.01069784164428711
0.010491132736206055
0.011064291000366211
0.010301589965820312
0.011248111724853516
0.01046895980834961
0.010944604873657227
0.010540485382080078
0.011397838592529297
0.01039266586303711
0.010828733444213867
0.01126718521118164
0.011321783065795898
0.010569334030151367
0.01144862174987793
0.010579824447631836
0.011619091033935547
0.010541915893554688
0.011551141738891602
0.010741472244262695
0.0114898681640625
0.01060175895690918
0.010741233825683594
0.011467695236206055
0.011598587036132812
0.01094198226928711
0.011629581451416016
0.0107421875
0.011214971542358398
0.01078033447265625
0.011359214782714844
0.01118779182434082
0.011049747467041016
0.011319637298583984
0.01160740852355957
0.010830879211425781
0.011466264724731445
0.01092529296875
0.011768579483032227
0.010813474655151367
0.011895895004272461
0.011554479598999023
0.011497020721435547
0.011180877685546875
0.011359214782714844
0.011385440826416016
0.0111541748046875
0.011339187622070312
0.011319637298583984
0.011515378952026367
0.011192798614501953
0.011548280715942383
0.011532306671142578
0.011636734008789062
0.01164102554321289
0.011699199676513672
0.011618375778198242
0.011188030242919922
0.011913776397705078
0.011938333511352539
0.01117396354675293
0.012278556823730469
0.011634588241577148
0.011777162551879883
0.011449337005615234
0.012179374694824219
0.011815309524536133
0.011474370956420898
0.01145172119140625
0.012104034423828125
0.012139320373535156
0.011955022811889648
0.012209653854370117
0.012113332748413086
0.012033939361572266
0.011445283889770508
0.011657476425170898
0.011598587036132812
0.01217198371887207
0.012080192565917969
0.01169729232788086
0.011664390563964844
0.01236414909362793
0.012061357498168945
0.011744976043701172
0.017177820205688477
0.011846542358398438
0.011777877807617188
0.011983156204223633
0.012366056442260742
0.012421369552612305
0.012251138687133789
0.012139081954956055
0.01257944107055664
0.012604713439941406
0.011644124984741211
0.011958599090576172
0.012092828750610352
0.012059450149536133
0.012747526168823242
0.011870145797729492
0.012453079223632812
0.011813879013061523
0.012824535369873047
0.011896371841430664
0.012447118759155273
0.01229548454284668
0.01197671890258789
0.012771844863891602
0.012307405471801758
0.013846397399902344
0.01237797737121582
0.012480497360229492
0.012244224548339844
0.012236595153808594
0.012551307678222656
0.014868974685668945
0.013122081756591797
0.01208806037902832
0.012510538101196289
0.013123035430908203
0.012682199478149414
0.012037038803100586
0.01254582405090332
0.012971639633178711
0.012168169021606445
0.012426614761352539
0.012913703918457031
0.012362241744995117
0.012975215911865234
0.012423038482666016
0.013315916061401367
0.012424945831298828
0.012575626373291016
0.012989521026611328
0.012466192245483398
0.013082027435302734
0.012500762939453125
0.012777090072631836
0.012716054916381836
0.012677431106567383
0.012872457504272461
0.012730598449707031
0.013281822204589844
0.01283407211303711
0.012978076934814453
0.012740373611450195
0.013661623001098633
0.013413667678833008
0.012849092483520508
0.0180816650390625
0.013345956802368164
0.012945413589477539
0.013476371765136719
0.013138294219970703
0.013094902038574219
0.012609481811523438
0.013220787048339844
0.013217926025390625
0.013112545013427734
0.013709306716918945
0.013783693313598633
0.012975931167602539
0.014313220977783203
0.013516902923583984
0.013031244277954102
0.014065742492675781
0.013023614883422852
0.013409852981567383
0.013633966445922852
0.013434886932373047
0.013963937759399414
0.013662099838256836
0.013249635696411133
0.013742446899414062
0.013388872146606445
0.013695716857910156
0.013176918029785156
0.013800859451293945
0.013747215270996094
0.013099908828735352
0.013651847839355469
0.013672828674316406
0.013499259948730469
0.013742923736572266
0.013707637786865234
0.0139617919921875
0.014293432235717773
0.013470649719238281
0.014160871505737305
0.013660192489624023
0.013631820678710938
0.014059066772460938
0.013354063034057617
0.013818740844726562
0.013418436050415039
0.013720035552978516
0.01435542106628418
0.013678789138793945
0.014455556869506836
0.01444554328918457
0.014273405075073242
0.01402139663696289
0.014618873596191406
0.014136791229248047
0.014488697052001953
0.014081954956054688
0.013808012008666992
0.014380216598510742
0.013637304306030273
0.013906240463256836
0.015097618103027344
0.013743162155151367
0.014196395874023438
0.014409542083740234
0.014083385467529297
0.01439356803894043
0.014597654342651367
0.014386415481567383
0.014612197875976562
0.014183521270751953
0.013910293579101562
0.014746427536010742
0.01402735710144043
0.014212369918823242
0.014737367630004883
0.014406919479370117
0.015690088272094727
0.014394283294677734
0.014610052108764648
0.014820098876953125
0.01522374153137207
0.01418447494506836
0.014553546905517578
0.015180587768554688
0.014664173126220703
0.01531219482421875
0.015202045440673828
0.014270782470703125
0.014889240264892578
0.014337539672851562
0.014795064926147461
0.014596223831176758
0.015445232391357422
0.014526605606079102
0.015326261520385742
0.015491485595703125
0.014560461044311523
0.015639543533325195
0.01510763168334961
0.014391899108886719
0.01520395278930664
0.014841794967651367
0.014406919479370117
0.014602184295654297
0.01555633544921875
0.014655351638793945
0.015095949172973633
0.01508021354675293
0.014590024948120117
0.014815092086791992
0.015233516693115234
0.014383792877197266
0.014768600463867188
0.015019655227661133
0.015191793441772461
0.014938831329345703
0.015125513076782227
0.015252351760864258
0.014665365219116211
0.015358924865722656
0.015478134155273438
0.014652013778686523
0.015538454055786133
0.015480756759643555
0.015486955642700195
0.015303850173950195
0.015684843063354492
0.015281915664672852
0.014922618865966797
0.01579594612121582
0.014954805374145508
0.015357255935668945
0.015468120574951172
0.01615762710571289
0.015068531036376953
0.015434503555297852
0.015790462493896484
0.015018939971923828
0.015453577041625977
0.01597452163696289
0.015493154525756836
0.01527857780456543
0.015936851501464844
0.016381263732910156
0.015136480331420898
0.016976356506347656
0.016013622283935547
0.016046524047851562
0.015705108642578125
0.01603555679321289
0.01605224609375
0.015428543090820312
0.016297340393066406
0.016132354736328125
0.016292095184326172
0.015642404556274414
0.01627182960510254
0.016646623611450195
0.015395879745483398
0.015468358993530273
0.0166165828704834
0.015341758728027344
0.01654219627380371
0.016468524932861328
0.01645350456237793
0.015901803970336914
0.015924930572509766
0.016501188278198242
0.01613163948059082
0.01635456085205078
0.01631951332092285
0.01647496223449707
0.015642881393432617
0.015674829483032227
0.01647353172302246
0.016332626342773438
0.015893220901489258
0.015690088272094727
0.01661515235900879
0.016985654830932617
0.015876054763793945
0.015993356704711914
0.01652216911315918
0.016471385955810547
0.015889406204223633
0.01641678810119629
0.016719818115234375
0.016455411911010742
0.01598048210144043
0.016486644744873047
0.016961336135864258
0.016789913177490234
0.016483545303344727
0.016385316848754883
0.01606464385986328
0.016928434371948242
0.016269922256469727
0.016803264617919922
0.017157793045043945
0.016159534454345703
0.016210317611694336
0.016968488693237305
0.017534494400024414
0.016210079193115234
0.016452789306640625
0.01690959930419922
0.01721787452697754
0.01619887351989746
0.016584157943725586
0.016798734664916992
0.017075538635253906
0.016505718231201172
0.01708984375
0.0168917179107666
0.017303466796875
0.016404390335083008
0.016708850860595703
0.01734328269958496
0.017746925354003906
0.01728343963623047
0.01710224151611328
0.01746654510498047
0.01783299446105957
0.017825603485107422
0.016875743865966797
0.0169219970703125
0.017226457595825195
0.016872167587280273
0.017632722854614258
0.01693415641784668
0.01716136932373047
0.01754927635192871
0.016756772994995117
0.017508983612060547
0.017421245574951172
0.01738762855529785
0.017472505569458008
0.016999244689941406
0.017206430435180664
0.0177915096282959
0.017961978912353516
0.01746654510498047
0.018156051635742188
0.01817631721496582
0.018127918243408203
0.018102645874023438
0.018630504608154297
0.017565011978149414
0.01747918128967285
0.018222570419311523
0.019435644149780273
0.021938323974609375
0.018298625946044922
0.0175626277923584
0.017611026763916016
0.017679452896118164
0.01795339584350586
0.017767667770385742
0.018245458602905273
0.01787853240966797
0.018437623977661133
0.018561124801635742
0.01862049102783203
0.017903566360473633
0.01774764060974121
0.01876235008239746
0.01847529411315918
0.018275976181030273
0.017630338668823242
0.018671035766601562
0.018179893493652344
0.017915010452270508
0.01851940155029297
0.017708539962768555
0.01801776885986328
0.01755070686340332
0.018417835235595703
0.018260955810546875
0.018058061599731445
0.017638206481933594
0.017841815948486328
0.018573522567749023
0.018903017044067383
0.01784992218017578
0.017878055572509766
0.017549514770507812
0.021036624908447266
0.019677400588989258
0.018938064575195312
0.01930832862854004
0.019939899444580078
0.019802570343017578
0.019469499588012695
0.019942522048950195
0.02116084098815918
0.020233869552612305
0.020970821380615234
0.023876428604125977
0.023840665817260742
0.02064657211303711
0.020000934600830078
0.02181696891784668
0.019152402877807617
0.018964529037475586
0.019107818603515625
0.019422054290771484
0.018460988998413086
0.019718647003173828
0.019482135772705078
0.019031286239624023
0.018691062927246094
0.01868462562561035
0.01892852783203125
0.019071102142333984
0.01944279670715332
0.0188140869140625
0.019417285919189453
0.01912856101989746
0.01873779296875
0.01930999755859375
0.019419193267822266
0.019011735916137695
0.01920461654663086
0.01969456672668457
0.019258737564086914
0.019440412521362305
0.018681764602661133
0.019254684448242188
0.019622325897216797
0.01915121078491211
0.019455432891845703
0.0183565616607666
0.019564151763916016
0.019075393676757812
0.019207000732421875
0.019386768341064453
0.01842975616455078
0.01987457275390625
0.019034147262573242
0.01848745346069336
0.018826007843017578
0.019182920455932617
0.019307851791381836
0.019493818283081055
0.01851654052734375
0.021528005599975586
0.019389867782592773
0.02054882049560547
0.019423246383666992
0.01994633674621582
0.019454002380371094
0.019469499588012695
0.019973278045654297
0.0192563533782959
0.018707990646362305
0.019366741180419922
0.01910567283630371
0.020392179489135742
0.019134521484375
0.019599199295043945
0.019916772842407227
0.019815683364868164
0.020142793655395508
0.019373178482055664
0.02001500129699707
0.0197904109954834
0.019929170608520508
0.020169973373413086
0.02044200897216797
0.01961994171142578
0.019307851791381836
0.019786596298217773
0.020546913146972656
0.02032160758972168
0.019925594329833984
0.01985001564025879
0.02008676528930664
0.020537853240966797
0.020167827606201172
0.019850730895996094
0.020023584365844727
0.01932811737060547
0.01985025405883789
0.020139455795288086
0.020421743392944336
0.020096540451049805
0.0207974910736084
0.02065443992614746
0.02021336555480957
0.02071857452392578
0.01923060417175293
0.020123004913330078
0.019605636596679688
0.01959824562072754
0.020226001739501953
0.021236896514892578
0.020584821701049805
0.021167278289794922
0.020548582077026367
0.020628690719604492
0.021213769912719727
0.02022862434387207
0.020811796188354492
0.01978611946105957
0.020452022552490234
0.020206212997436523
0.02028822898864746
0.020504236221313477
0.021036863327026367
0.0206756591796875
0.020961999893188477
0.021273136138916016
0.020589113235473633
0.02079939842224121
0.019770383834838867
0.020080089569091797
0.020810604095458984
0.01995992660522461
0.020731210708618164
0.020492076873779297
0.020942211151123047
0.02051854133605957
0.020578384399414062
0.021579742431640625
0.020050048828125
0.020994186401367188
0.021497726440429688
0.020303010940551758
0.020270347595214844
0.020044326782226562
0.020504236221313477
0.020851850509643555
0.020781278610229492
0.0215151309967041
0.021416902542114258
0.02082538604736328
0.020730972290039062
0.02126336097717285
0.02035665512084961
0.02131509780883789
0.02029585838317871
0.02070331573486328
0.020541667938232422
0.0207059383392334
0.021054744720458984
0.02109241485595703
0.021352529525756836
0.021008968353271484
0.0216217041015625
0.02138519287109375
0.021402597427368164
0.02173471450805664
0.021181583404541016
0.020556926727294922
0.021918773651123047
0.021755695343017578
0.02125859260559082
0.021365880966186523
0.021533966064453125
0.02078533172607422
0.020670413970947266
0.020754098892211914
0.021150827407836914
0.021309614181518555
0.021531343460083008
0.02182173728942871
0.022463321685791016
0.021520376205444336
0.022794008255004883
0.022891521453857422
0.022436857223510742
0.0224456787109375
0.022211074829101562
0.022673845291137695
0.022244691848754883
0.02161431312561035
0.022183656692504883
0.0283355712890625
0.027604103088378906
0.0346677303314209
0.021871328353881836
0.021311521530151367
0.02094125747680664
0.021198034286499023
0.022289276123046875
0.02199578285217285
0.02186727523803711
0.021429061889648438
0.021685361862182617
0.021975994110107422
0.021532773971557617
0.021712303161621094
0.021675586700439453
0.02183246612548828
0.021845102310180664
0.022275447845458984
0.021875619888305664
0.0224153995513916
0.022241592407226562
0.02182149887084961
0.022357702255249023
0.02222132682800293
0.02206707000732422
0.02195143699645996
0.02247762680053711
0.02172255516052246
0.022063493728637695
0.023158788681030273
0.02249431610107422
0.022280216217041016
0.021733999252319336
0.022259235382080078
0.0220186710357666
0.022315025329589844
0.02289557456970215
0.022413969039916992
0.022467613220214844
0.022774696350097656
0.021847009658813477
0.023009777069091797
0.022444963455200195
0.0231630802154541
0.02276301383972168
0.02235126495361328
0.0226137638092041
0.022179365158081055
0.022662878036499023
0.02232527732849121
0.02230238914489746
0.022591114044189453
0.02242898941040039
0.022551536560058594
0.02280139923095703
0.023084402084350586
0.0280306339263916
0.0240936279296875
0.022849321365356445
0.023899078369140625
0.02317667007446289
0.02303457260131836
0.02623581886291504
0.023708343505859375
0.02357959747314453
0.02335500717163086
0.023014307022094727
0.02268075942993164
0.0237424373626709
0.023442506790161133
0.02284836769104004
0.023698806762695312
0.02700519561767578
0.02429986000061035
0.024858713150024414
0.0233914852142334
0.02387213706970215
0.023525476455688477
0.02357769012451172
0.02336907386779785
0.0232999324798584
0.02334737777709961
0.024024486541748047
0.023875951766967773
0.02385091781616211
0.023622751235961914
0.022749900817871094
0.024586200714111328
0.02283620834350586
0.023094654083251953
0.023206472396850586
0.022451162338256836
0.02334904670715332
0.023548364639282227
0.024248123168945312
0.0243222713470459
0.024511337280273438
0.02376246452331543
0.02383279800415039
0.02445197105407715
0.024363279342651367
0.023543119430541992
0.02337360382080078
0.02360081672668457
0.024384021759033203
0.02363133430480957
0.023548364639282227
0.024133920669555664
0.023406505584716797
0.023622751235961914
0.024279117584228516
0.023296117782592773
0.023453235626220703
0.023519515991210938
0.023830413818359375
0.023871898651123047
0.023551464080810547
0.024420499801635742
0.02432870864868164
0.023647785186767578
0.023149490356445312
0.024068117141723633
0.02348041534423828
0.024136066436767578
0.023712158203125
0.024254322052001953
0.024235248565673828
0.024197816848754883
0.023708581924438477
0.024003267288208008
0.024422645568847656
0.023738861083984375
0.024109363555908203
0.02413034439086914
0.024065017700195312
0.02359318733215332
0.023481130599975586
0.023329496383666992
0.02407550811767578
0.023908615112304688
0.02446913719177246
0.023177385330200195
0.02532815933227539
0.024099111557006836
0.024221181869506836
0.02423262596130371
0.024423599243164062
0.02410435676574707
0.023764848709106445
0.0248568058013916
0.024135112762451172
0.023687362670898438
0.024928808212280273
0.023750782012939453
0.024961233139038086
0.024846315383911133
0.024374008178710938
0.02426743507385254
0.02467036247253418
0.02442002296447754
0.024271011352539062
0.024770259857177734
0.02624821662902832
0.023999452590942383
0.024619340896606445
0.024500131607055664
0.025227069854736328
0.02474212646484375
0.025951623916625977
0.025427579879760742
0.02505040168762207
0.024901866912841797
0.0240476131439209
0.024086713790893555
0.02566695213317871
0.025768280029296875
0.025197744369506836
0.03463554382324219
0.02913045883178711
0.026727914810180664
0.024603605270385742
0.024475812911987305
0.028352022171020508
0.024573326110839844
0.02463245391845703
0.024019956588745117
0.024633407592773438
0.026348352432250977
0.0271146297454834
0.02585315704345703
0.02513909339904785
0.024976730346679688
0.024111509323120117
0.025315046310424805
0.023876190185546875
0.028550148010253906
0.02715325355529785
0.025437116622924805
0.02450108528137207
0.024194955825805664
0.02385735511779785
0.024149656295776367
0.025707483291625977
0.024274826049804688
0.0350346565246582
0.02783966064453125
0.026138782501220703
0.02539825439453125
0.025095462799072266
0.024375200271606445
0.024712562561035156
0.024618148803710938
0.02469944953918457
0.025394201278686523
0.02481555938720703
0.025859594345092773
0.025045156478881836
0.02490997314453125
0.025053739547729492
0.02473163604736328
0.025284767150878906
0.02496623992919922
0.024833202362060547
0.024711132049560547
0.024804353713989258
0.025449752807617188
0.025363683700561523
0.025236845016479492
0.026467561721801758
0.02524089813232422
0.025811433792114258
0.0252988338470459
0.025769472122192383
0.025978803634643555
0.025003671646118164
0.027318716049194336
0.024954795837402344
0.025108814239501953
0.02521347999572754
0.025761127471923828
0.02544093132019043
0.025374650955200195
0.026534557342529297
0.025873899459838867
0.026108741760253906
0.025550127029418945
0.02526068687438965
0.025536298751831055
0.025504589080810547
0.026059865951538086
0.025498390197753906
0.025510072708129883
0.02544260025024414
0.02548837661743164
0.02570796012878418
0.026492595672607422
0.026166677474975586
0.025163888931274414
0.02574467658996582
0.025418519973754883
0.02660846710205078
0.025641202926635742
0.02578282356262207
0.02569293975830078
0.02524423599243164
0.02554941177368164
0.02547144889831543
0.02670884132385254
0.026743412017822266
0.030481338500976562
0.05359649658203125
0.026605844497680664
0.02716970443725586
0.027202844619750977
0.026256322860717773
0.025300025939941406
0.026151418685913086
0.028189897537231445
0.032817840576171875
0.02783989906311035
0.029555559158325195
0.029323339462280273
0.02761983871459961
0.027043581008911133
0.026218891143798828
0.0262143611907959
0.026058197021484375
0.027767419815063477
0.02624678611755371
0.026548385620117188
0.03690743446350098
0.03400731086730957
0.02949070930480957
0.02661871910095215
0.026186704635620117
0.026692867279052734
0.02588200569152832
0.025756120681762695
0.02648186683654785
0.02617049217224121
0.02686166763305664
0.025882959365844727
0.02910780906677246
0.027401208877563477
0.02735114097595215
0.026044368743896484
0.025972366333007812
0.026606321334838867
0.028065919876098633
0.028266191482543945
0.034345388412475586
0.027590513229370117
0.027348756790161133
0.026479482650756836
0.026569128036499023
0.026247024536132812
0.027727603912353516
0.03672933578491211
0.0279848575592041
0.05254769325256348
0.027092456817626953
0.027041196823120117
0.026845932006835938
0.026317358016967773
0.028110980987548828
0.026424169540405273
0.029701948165893555
0.04232954978942871
0.03734087944030762
0.027657032012939453
0.026895999908447266
0.027227401733398438
0.027678251266479492
0.027425765991210938
0.027887344360351562
0.028335094451904297
0.02798771858215332
0.027016401290893555
0.027758359909057617
0.027669191360473633
0.02790045738220215
0.02849721908569336
0.027724266052246094
0.027604103088378906
0.0286562442779541
0.028832197189331055
0.028768301010131836
0.027338027954101562
0.027130842208862305
0.02707648277282715
0.026951074600219727
0.0277252197265625
0.028644323348999023
0.028095006942749023
0.028882980346679688
0.0276181697845459
0.027742624282836914
0.028099775314331055
0.027527809143066406
0.02738642692565918
0.02845025062561035
0.027306079864501953
0.027438640594482422
0.027042627334594727
0.02690911293029785
0.0280001163482666
0.027005672454833984
0.028116464614868164
0.02812671661376953
0.028150320053100586
0.027837276458740234
0.028090238571166992
0.02852010726928711
0.030121564865112305
0.028235435485839844
0.0280001163482666
0.027920961380004883
0.028084516525268555
0.02855229377746582
0.02808547019958496
0.0284726619720459
0.028456687927246094
0.028363704681396484
0.027809619903564453
0.028730392456054688
0.02967095375061035
0.03050851821899414
0.0280606746673584
0.02877640724182129
0.030478477478027344
0.02893543243408203
0.02873969078063965
0.028074026107788086
0.02993011474609375
0.027826547622680664
0.02799534797668457
0.027820587158203125
0.02781534194946289
0.02834796905517578
0.028163909912109375
0.027991533279418945
0.028621912002563477
0.02772045135498047
0.027730464935302734
0.028912067413330078
0.02824854850769043
0.02795100212097168
0.028501272201538086
0.02816295623779297
0.027898073196411133
0.02839827537536621
0.029051780700683594
0.028201580047607422
0.029918432235717773
0.030101537704467773
0.028041362762451172
0.028537511825561523
0.028658151626586914
0.029795408248901367
0.02913379669189453
0.02827143669128418
0.04240250587463379
0.030486583709716797
0.030212879180908203
0.028145313262939453
0.029354095458984375
0.028145790100097656
0.02851271629333496
0.029017210006713867
0.03226017951965332
0.030148983001708984
0.03028559684753418
0.028789997100830078
0.028759479522705078
0.028882265090942383
0.029262304306030273
0.03339958190917969
0.04176831245422363
0.04206037521362305
0.032599687576293945
0.031043529510498047
0.030187129974365234
0.031290531158447266
0.03069472312927246
0.02951669692993164
0.02967524528503418
0.0327451229095459
0.029995441436767578
0.029911279678344727
0.0288238525390625
0.028869152069091797
0.03168344497680664
0.031124591827392578
0.0314483642578125
0.03107476234436035
0.029945850372314453
0.0303497314453125
0.03020501136779785
0.030422687530517578
0.03156328201293945
0.03128242492675781
0.02902531623840332
0.029411792755126953
0.029500246047973633
0.029047489166259766
0.0301516056060791
0.029806137084960938
0.028853654861450195
0.02889108657836914
0.028961658477783203
0.02921271324157715
0.02996206283569336
0.02880382537841797
0.02923583984375
0.030863523483276367
0.03016352653503418
0.030384302139282227
0.0304563045501709
0.02973318099975586
0.030959129333496094
0.029871463775634766
0.030000686645507812
0.02983999252319336
0.02993941307067871
0.029769182205200195
0.02949357032775879
0.029441356658935547
0.029123306274414062
0.02949380874633789
0.029909610748291016
0.02984142303466797
0.029393434524536133
0.02924323081970215
0.029700517654418945
0.029191255569458008
0.030981779098510742
0.030695676803588867
0.029802322387695312
0.02973341941833496
0.029474735260009766
0.029752016067504883
0.02955794334411621
0.03066086769104004
0.03661704063415527
0.03355598449707031
0.03181624412536621
0.030491352081298828
0.03074502944946289
0.030813932418823242
0.031411170959472656
0.031146764755249023
0.03216409683227539
0.03216123580932617
0.030657529830932617
0.031116008758544922
0.03088212013244629
0.0313572883605957
0.03139543533325195
0.030066490173339844
0.030125856399536133
0.03069281578063965
0.030005931854248047
0.030057907104492188
0.030211925506591797
0.030550718307495117
0.030125141143798828
0.030636072158813477
0.030614852905273438
0.03036022186279297
0.030973434448242188
0.030263900756835938
0.030498743057250977
0.03182649612426758
0.03024601936340332
0.030902862548828125
0.030426979064941406
0.0306704044342041
0.03186511993408203
0.03180503845214844
0.03413558006286621
0.030990123748779297
0.030606985092163086
0.03083634376525879
0.03250265121459961
0.032564401626586914
0.03432965278625488
0.03120136260986328
0.030818462371826172
0.031059741973876953
0.030833721160888672
0.03077244758605957
0.031412363052368164
0.030920743942260742
0.030319690704345703
0.03078603744506836
0.03152108192443848
0.031557559967041016
0.03169131278991699
0.032387495040893555
0.031807661056518555
0.03222060203552246
0.03220081329345703
0.03146934509277344
0.03302788734436035
0.03112196922302246
0.031416893005371094
0.03140830993652344
0.03151369094848633
0.031171798706054688
0.031319379806518555
0.030721187591552734
0.03167271614074707
0.030680418014526367
0.03159618377685547
0.032393455505371094
0.03096485137939453
0.03213644027709961
0.03346133232116699
0.03319048881530762
0.03350186347961426
0.032201528549194336
0.03307509422302246
0.03285574913024902
0.03296184539794922
0.034089088439941406
0.0338139533996582
0.03323817253112793
0.03257489204406738
0.03248286247253418
0.0319974422454834
0.03276228904724121
0.03171372413635254
0.031052589416503906
0.031209945678710938
0.03154444694519043
0.032811880111694336
0.03178596496582031
0.0316309928894043
0.03199172019958496
0.030951976776123047
0.03139543533325195
0.031272172927856445
0.03151559829711914
0.031473636627197266
0.03124094009399414
0.03219914436340332
0.031797170639038086
0.03186964988708496
0.03195476531982422
0.0317840576171875
0.032052040100097656
0.03195452690124512
0.031615495681762695
0.0322268009185791
0.03182578086853027
0.03152608871459961
0.032205820083618164
0.03199934959411621
0.03491377830505371
0.03365635871887207
0.03282737731933594
0.03334951400756836
0.03373003005981445
0.03333592414855957
0.03546714782714844
0.03542733192443848
0.035370826721191406
0.03419756889343262
0.034731388092041016
0.033553123474121094
0.03491091728210449
0.04234933853149414
0.050110816955566406
0.034921884536743164
0.037308454513549805
0.03402423858642578
0.032135009765625
0.033261775970458984
0.03190207481384277
0.032019853591918945
0.03338932991027832
0.032021522521972656
0.03216433525085449
0.03238368034362793
0.03192424774169922
0.03234601020812988
0.03249073028564453
0.03241729736328125
0.033730506896972656
0.03197431564331055
0.03302121162414551
0.032338857650756836
0.033060312271118164
0.0326077938079834
0.033434152603149414
0.03240180015563965
0.03298020362854004
0.0340876579284668
0.0370945930480957
