1.430511474609375e-06
8.344650268554688e-06
8.58306884765625e-06
1.3589859008789062e-05
1.621246337890625e-05
2.1219253540039062e-05
2.6464462280273438e-05
2.9325485229492188e-05
3.4809112548828125e-05
3.8623809814453125e-05
4.57763671875e-05
4.9114227294921875e-05
5.435943603515625e-05
6.031990051269531e-05
6.556510925292969e-05
7.2479248046875e-05
7.414817810058594e-05
8.20159912109375e-05
0.00010728836059570312
0.0001697540283203125
0.00014209747314453125
0.00012373924255371094
0.00016307830810546875
0.00020265579223632812
0.000148773193359375
0.00015163421630859375
0.0001347064971923828
0.00014352798461914062
0.00023102760314941406
0.0002484321594238281
0.0002987384796142578
0.0001647472381591797
0.00016546249389648438
0.00019621849060058594
0.00018835067749023438
0.00018477439880371094
0.00020456314086914062
0.00025844573974609375
0.00021004676818847656
0.00021219253540039062
0.00021386146545410156
0.0002231597900390625
0.00022482872009277344
0.00023818016052246094
0.00023818016052246094
0.00023937225341796875
0.0002524852752685547
0.0003135204315185547
0.00032901763916015625
0.00028014183044433594
0.00027751922607421875
0.00028324127197265625
0.00030684471130371094
0.00032973289489746094
0.0003218650817871094
0.0003077983856201172
0.0003361701965332031
0.0003616809844970703
0.0003204345703125
0.0003612041473388672
0.0003414154052734375
0.0003445148468017578
0.000354766845703125
0.00036406517028808594
0.00036597251892089844
0.0003802776336669922
0.00038933753967285156
0.0003902912139892578
0.000392913818359375
0.0004329681396484375
0.0004134178161621094
0.0004162788391113281
0.0004291534423828125
0.0004382133483886719
0.00047135353088378906
0.0004353523254394531
0.00048232078552246094
0.000453948974609375
0.0004906654357910156
0.00048470497131347656
0.0005271434783935547
0.0005440711975097656
0.0009248256683349609
0.0005331039428710938
0.0005936622619628906
0.0006029605865478516
0.0005526542663574219
0.0005779266357421875
0.0005557537078857422
0.0005447864532470703
0.0005824565887451172
0.0005755424499511719
0.0005779266357421875
0.0006160736083984375
0.0005917549133300781
0.0006165504455566406
0.0005891323089599609
0.0006082057952880859
0.0006694793701171875
0.0006315708160400391
0.0006520748138427734
0.0006403923034667969
0.0006480216979980469
0.0006945133209228516
0.0006580352783203125
0.000682830810546875
0.000701904296875
0.0007326602935791016
0.0006909370422363281
0.000713348388671875
0.0007259845733642578
0.0007710456848144531
0.0006861686706542969
0.0007314682006835938
0.0007960796356201172
0.000759124755859375
0.0007543563842773438
0.0007431507110595703
0.0008172988891601562
0.0008189678192138672
0.0007827281951904297
0.0008435249328613281
0.0008022785186767578
0.0008318424224853516
0.0009670257568359375
0.0008587837219238281
0.0008885860443115234
0.0009961128234863281
0.0009272098541259766
0.0008590221405029297
0.0008749961853027344
0.0008604526519775391
0.0008878707885742188
0.0009443759918212891
0.0009195804595947266
0.0009009838104248047
0.0009675025939941406
0.0009937286376953125
0.0009202957153320312
0.0010018348693847656
0.0009315013885498047
0.0009341239929199219
0.0009663105010986328
0.0010960102081298828
0.0010688304901123047
0.0009884834289550781
0.0010311603546142578
0.0010390281677246094
0.0010263919830322266
0.0010075569152832031
0.0010595321655273438
0.0010612010955810547
0.0010347366333007812
0.0010356903076171875
0.0012781620025634766
0.0010714530944824219
0.0011281967163085938
0.0011031627655029297
0.0010843276977539062
0.0010673999786376953
0.0011713504791259766
0.0011072158813476562
0.0011975765228271484
0.0011823177337646484
0.0011260509490966797
0.0012323856353759766
0.0011599063873291016
0.0011670589447021484
0.0011553764343261719
0.0015401840209960938
0.0014581680297851562
0.0013260841369628906
0.0012276172637939453
0.0015506744384765625
0.0012259483337402344
0.0015690326690673828
0.0012857913970947266
0.001373291015625
0.0013270378112792969
0.0012767314910888672
0.0012826919555664062
0.001361846923828125
0.0014376640319824219
0.0013384819030761719
0.0014605522155761719
0.0013835430145263672
0.0027849674224853516
0.002094745635986328
0.0025606155395507812
0.0017194747924804688
0.001756906509399414
0.0014967918395996094
0.0014345645904541016
0.0024089813232421875
0.0024013519287109375
0.0014400482177734375
0.0014073848724365234
0.001434326171875
0.0014195442199707031
0.0015158653259277344
0.0014293193817138672
0.0014557838439941406
0.0014777183532714844
0.0016224384307861328
0.0015027523040771484
0.0014519691467285156
0.0015375614166259766
0.0014483928680419922
0.0016682147979736328
0.0015323162078857422
0.0015423297882080078
0.0015308856964111328
0.0015408992767333984
0.0015168190002441406
0.0015535354614257812
0.0017027854919433594
0.001687765121459961
0.0016069412231445312
0.0015850067138671875
0.001730203628540039
0.0015497207641601562
0.0015306472778320312
0.0016939640045166016
0.0016834735870361328
0.0016903877258300781
0.002315044403076172
0.0019140243530273438
0.001928091049194336
0.001718282699584961
0.0016939640045166016
0.0018603801727294922
0.0016739368438720703
0.0017545223236083984
0.0017888545989990234
0.0018181800842285156
0.001819610595703125
0.0018270015716552734
0.0018033981323242188
0.0018048286437988281
0.001760721206665039
0.001811981201171875
0.0018663406372070312
0.0018162727355957031
0.0018310546875
0.0019659996032714844
0.0018451213836669922
0.0019009113311767578
0.0020198822021484375
0.0020339488983154297
0.001844167709350586
0.0019021034240722656
0.002010345458984375
0.0019223690032958984
0.0019464492797851562
0.0024564266204833984
0.0019762516021728516
0.0019450187683105469
0.0018842220306396484
0.0019600391387939453
0.0018968582153320312
0.0019087791442871094
0.0020694732666015625
0.0019168853759765625
0.0019941329956054688
0.002778768539428711
0.0020177364349365234
0.0020089149475097656
0.0022482872009277344
0.002043008804321289
0.0019373893737792969
0.0019378662109375
0.001993894577026367
0.002132415771484375
0.0019919872283935547
0.0020639896392822266
0.0022134780883789062
0.0020270347595214844
0.002093791961669922
0.0022487640380859375
0.0023195743560791016
0.002178192138671875
0.0021169185638427734
0.0021905899047851562
0.002305269241333008
0.0021011829376220703
0.0020682811737060547
0.002158641815185547
0.0021979808807373047
0.0021419525146484375
0.0022935867309570312
0.0023059844970703125
0.0021903514862060547
0.002224445343017578
0.0022242069244384766
0.0022492408752441406
0.002282381057739258
0.002272367477416992
0.002293109893798828
0.0026624202728271484
0.0022749900817871094
0.002331972122192383
0.002282381057739258
0.002408742904663086
0.0024917125701904297
0.002474546432495117
0.0024633407592773438
0.0027647018432617188
0.002969026565551758
0.0024306774139404297
0.0025177001953125
0.0024199485778808594
0.002384185791015625
0.0026009082794189453
0.0024483203887939453
0.0027124881744384766
0.0024957656860351562
0.002435922622680664
0.0024383068084716797
0.002439737319946289
0.002657651901245117
0.0026721954345703125
0.002615690231323242
0.0026443004608154297
0.00281524658203125
0.0027115345001220703
0.002516508102416992
0.002841472625732422
0.0025262832641601562
0.0030939579010009766
0.002559185028076172
0.0028107166290283203
0.002885103225708008
0.0026388168334960938
0.0029032230377197266
0.002614259719848633
0.003101348876953125
0.003025054931640625
0.0031197071075439453
0.002875089645385742
0.002584695816040039
0.002727508544921875
0.002688884735107422
0.0026662349700927734
0.002741575241088867
0.002752542495727539
0.002771139144897461
0.0026650428771972656
0.002793550491333008
0.002846240997314453
0.003178834915161133
0.002922534942626953
0.0030274391174316406
0.0030715465545654297
0.0034170150756835938
0.0029096603393554688
0.0028846263885498047
0.0031180381774902344
0.0028181076049804688
0.003381013870239258
0.0029060840606689453
0.0028924942016601562
0.003313779830932617
0.0029304027557373047
0.0028219223022460938
0.0029745101928710938
0.0030181407928466797
0.002972126007080078
0.002904653549194336
0.002971649169921875
0.003184795379638672
0.0028715133666992188
0.002812623977661133
0.0028564929962158203
0.0029239654541015625
0.0029036998748779297
0.0029401779174804688
0.002928495407104492
0.0031042098999023438
0.0030155181884765625
0.003139495849609375
0.0029456615447998047
0.0029954910278320312
0.003007173538208008
0.0030868053436279297
0.0029299259185791016
0.002944469451904297
0.0029337406158447266
0.0033020973205566406
0.00308990478515625
0.003123044967651367
0.0032453536987304688
0.002954244613647461
0.003037691116333008
0.0030736923217773438
0.003098011016845703
0.003215312957763672
0.003075122833251953
0.0031414031982421875
0.0031075477600097656
0.003132343292236328
0.003121614456176758
0.0031151771545410156
0.0033910274505615234
0.0031876564025878906
0.003093719482421875
0.0032875537872314453
0.003203153610229492
0.0033752918243408203
0.00379180908203125
0.0032930374145507812
0.0032846927642822266
0.003432035446166992
0.003278970718383789
0.0033779144287109375
0.0032122135162353516
0.0033388137817382812
0.003466367721557617
0.0032851696014404297
0.003393888473510742
0.0033173561096191406
0.0033216476440429688
0.0033431053161621094
0.004791259765625
0.003359556198120117
0.003459930419921875
0.0033440589904785156
0.00339508056640625
0.0033414363861083984
0.0034439563751220703
0.0033516883850097656
0.003379344940185547
0.0034809112548828125
0.0034074783325195312
0.003497600555419922
0.0034089088439941406
0.0036203861236572266
0.003417491912841797
0.0035331249237060547
0.0034008026123046875
0.003481626510620117
0.0034399032592773438
0.003502368927001953
0.0038306713104248047
0.0034270286560058594
0.003507852554321289
0.003459453582763672
0.003561258316040039
0.0035295486450195312
0.0036394596099853516
0.0036046504974365234
0.0038213729858398438
0.003633737564086914
0.0037565231323242188
0.0037505626678466797
0.003600597381591797
0.0036253929138183594
0.0038161277770996094
0.003620624542236328
0.003965854644775391
0.0036728382110595703
0.0037288665771484375
0.0036096572875976562
0.003676891326904297
0.0036737918853759766
0.003880023956298828
0.003786802291870117
0.0036814212799072266
0.003753662109375
0.003975391387939453
0.0036525726318359375
0.0036771297454833984
0.004079103469848633
0.0037627220153808594
0.0037469863891601562
0.003921985626220703
0.0037474632263183594
0.003850698471069336
0.0038826465606689453
0.003904104232788086
0.003841400146484375
0.004216432571411133
0.004016399383544922
0.003885030746459961
0.0038633346557617188
0.003980398178100586
0.003859996795654297
0.003965616226196289
0.003928661346435547
0.0039196014404296875
0.0038895606994628906
0.003979206085205078
0.0038776397705078125
0.0038869380950927734
0.003969430923461914
0.004277944564819336
0.0041887760162353516
0.00504612922668457
0.005507707595825195
0.006031990051269531
0.0042879581451416016
0.003993988037109375
0.004156589508056641
0.00406646728515625
0.004011392593383789
0.0040531158447265625
0.0041103363037109375
0.0043637752532958984
0.003983020782470703
0.004059314727783203
0.008805036544799805
0.0043413639068603516
0.004209756851196289
0.004225730895996094
0.004278659820556641
0.004168510437011719
0.004204511642456055
0.004468679428100586
0.0044324398040771484
0.0044972896575927734
0.004286289215087891
0.004163265228271484
0.0041806697845458984
0.004281282424926758
0.004368782043457031
0.0043413639068603516
0.004287242889404297
0.004276752471923828
0.004424571990966797
0.0042798519134521484
0.004581451416015625
0.00434422492980957
0.004472970962524414
0.004407644271850586
0.004257678985595703
0.0042612552642822266
0.004601240158081055
0.004374980926513672
0.004322528839111328
0.004423379898071289
0.004271507263183594
0.004468202590942383
0.0045583248138427734
0.0044939517974853516
0.004359006881713867
0.004511594772338867
0.004633426666259766
0.0046215057373046875
0.004369974136352539
0.004610776901245117
0.00452113151550293
0.004538536071777344
0.004616260528564453
0.00443577766418457
0.004703044891357422
0.004506111145019531
0.0046770572662353516
0.004444599151611328
0.004454612731933594
0.004712343215942383
0.0045397281646728516
0.004586696624755859
0.004525899887084961
0.004626274108886719
0.00466156005859375
0.00486302375793457
0.004633903503417969
0.004745960235595703
0.00457453727722168
0.004632234573364258
0.004634380340576172
0.004721164703369141
0.0045623779296875
0.00535130500793457
0.0048100948333740234
0.004627704620361328
0.004815578460693359
0.005288839340209961
0.005141735076904297
0.004825592041015625
0.004768848419189453
0.00475001335144043
0.004653453826904297
0.004724025726318359
0.004730939865112305
0.005102634429931641
0.00481724739074707
0.004838466644287109
0.005178213119506836
0.004904985427856445
0.0055773258209228516
0.004876613616943359
0.005461931228637695
0.005216121673583984
0.0048711299896240234
0.004852294921875
0.00478363037109375
0.004861593246459961
0.0056171417236328125
0.005278348922729492
0.005277156829833984
0.005398750305175781
0.005433797836303711
0.005135059356689453
0.005018949508666992
0.004904985427856445
0.005087852478027344
0.005091667175292969
0.0049440860748291016
0.0051305294036865234
0.004996061325073242
0.004985332489013672
0.005566596984863281
0.005035877227783203
0.005438089370727539
0.005144596099853516
0.005072355270385742
0.0052373409271240234
0.004988670349121094
0.00529170036315918
0.005213499069213867
0.005235433578491211
0.005148887634277344
0.005038261413574219
0.005166292190551758
0.005250215530395508
0.005480051040649414
0.005110740661621094
0.005240440368652344
0.00515437126159668
0.005314350128173828
0.005473613739013672
0.0051152706146240234
0.005608081817626953
0.005413532257080078
0.00531315803527832
0.005328655242919922
0.005521535873413086
0.005362272262573242
0.005335807800292969
0.005615711212158203
0.0054073333740234375
0.005602598190307617
0.005464315414428711
0.00529026985168457
0.005237579345703125
0.005295276641845703
0.005448341369628906
0.005369424819946289
0.005440473556518555
0.00754237174987793
0.008760690689086914
0.0055615901947021484
0.005501270294189453
0.005551815032958984
0.005437135696411133
0.005510091781616211
0.00548553466796875
0.005845069885253906
0.0056247711181640625
0.005712985992431641
0.005677223205566406
0.005425930023193359
0.005587577819824219
0.0058176517486572266
0.005630970001220703
0.005755901336669922
0.0057659149169921875
0.005570650100708008
0.005604267120361328
0.0056459903717041016
0.005575895309448242
0.0056078433990478516
0.0056247711181640625
0.0059392452239990234
0.005610227584838867
0.005559444427490234
0.006348371505737305
0.0057561397552490234
0.005680561065673828
0.005753278732299805
0.0058972835540771484
0.00568389892578125
0.005796194076538086
0.005952119827270508
0.0058248043060302734
0.0058138370513916016
0.006055116653442383
0.0056667327880859375
0.006040811538696289
0.0057413578033447266
0.0058782100677490234
0.006047725677490234
0.00583338737487793
0.005919456481933594
0.005700111389160156
0.005965709686279297
0.005713462829589844
0.0058672428131103516
0.005782604217529297
0.006007194519042969
0.0059163570404052734
0.005999326705932617
0.005990028381347656
0.00580286979675293
0.006104230880737305
0.00611567497253418
0.006040811538696289
0.006072521209716797
0.006106376647949219
0.006106138229370117
0.005959749221801758
0.005968809127807617
0.006346225738525391
0.0060122013092041016
0.0061359405517578125
0.0063211917877197266
0.0060536861419677734
0.0059168338775634766
0.006091117858886719
0.005983829498291016
0.006120204925537109
0.006020069122314453
0.006139516830444336
0.006090402603149414
0.006170511245727539
0.006125926971435547
0.0062062740325927734
0.0060918331146240234
0.006200075149536133
0.006212711334228516
0.006589174270629883
0.0060882568359375
0.006161928176879883
0.006208896636962891
0.006163597106933594
0.006223440170288086
0.0060198307037353516
0.00615239143371582
0.006117343902587891
0.007210254669189453
0.006407260894775391
0.0061359405517578125
0.006256103515625
0.006628513336181641
0.0063745975494384766
0.0062427520751953125
0.006683826446533203
0.006342411041259766
0.006207704544067383
0.0062274932861328125
0.006323337554931641
0.0062596797943115234
0.006502866744995117
0.0076520442962646484
0.0064792633056640625
0.006510019302368164
0.0064733028411865234
0.006832122802734375
0.006489276885986328
0.0063440799713134766
0.0062944889068603516
0.0064580440521240234
0.006526470184326172
0.006529808044433594
0.006530284881591797
0.006600856781005859
0.006413698196411133
0.006474971771240234
0.006463289260864258
0.0064697265625
0.0066487789154052734
0.006498813629150391
0.00669097900390625
0.006703376770019531
0.006726980209350586
0.00635838508605957
0.006354570388793945
0.00681614875793457
0.006510734558105469
0.006482124328613281
0.006635189056396484
0.006539344787597656
0.006758689880371094
0.006590843200683594
0.0068666934967041016
0.007203817367553711
0.007489919662475586
0.006646156311035156
0.0067632198333740234
0.0067555904388427734
0.0068094730377197266
0.0066356658935546875
0.006658077239990234
0.006673574447631836
0.00690770149230957
0.006836652755737305
0.006647586822509766
0.0066416263580322266
0.006689310073852539
0.006828784942626953
0.0069427490234375
0.006664752960205078
0.006890535354614258
0.006827592849731445
0.006994724273681641
0.0069620609283447266
0.006743192672729492
0.006891489028930664
0.006944179534912109
0.006938457489013672
0.006961822509765625
0.010032176971435547
0.0068187713623046875
0.006742715835571289
0.007576942443847656
0.006833076477050781
0.00741267204284668
0.007103919982910156
0.007229804992675781
0.0070438385009765625
0.00697779655456543
0.007180213928222656
0.007042646408081055
0.006926298141479492
0.007286548614501953
0.007364511489868164
0.007027864456176758
0.007138490676879883
0.007083892822265625
0.007027387619018555
0.007058620452880859
0.0072345733642578125
0.007151365280151367
0.007330179214477539
0.0073282718658447266
0.0070917606353759766
0.0071752071380615234
0.00715327262878418
0.007129192352294922
0.007225513458251953
0.007189750671386719
0.007572650909423828
0.007279396057128906
0.007184743881225586
0.0071599483489990234
0.0072596073150634766
0.007197141647338867
0.007234811782836914
0.007284402847290039
0.011513233184814453
0.013537168502807617
0.013655424118041992
0.013376712799072266
0.010146141052246094
0.007428646087646484
0.007292747497558594
0.0074291229248046875
0.0074274539947509766
0.007472515106201172
0.007722616195678711
0.008337974548339844
0.01561117172241211
0.007489919662475586
0.007346153259277344
0.007714033126831055
0.007422447204589844
0.0074253082275390625
0.007394075393676758
0.007507801055908203
0.008410930633544922
0.007718563079833984
0.007538795471191406
0.007498264312744141
0.007315635681152344
0.0074901580810546875
0.007501840591430664
0.007795095443725586
0.007760524749755859
0.007394552230834961
0.007546186447143555
0.007433652877807617
0.0075435638427734375
0.007510185241699219
0.007599830627441406
0.0074880123138427734
0.007432460784912109
0.007547616958618164
0.007538795471191406
0.007432222366333008
0.007752180099487305
0.007408618927001953
0.007697343826293945
0.007524728775024414
0.0075223445892333984
0.008475065231323242
0.007987737655639648
0.007937192916870117
0.007816076278686523
0.007696628570556641
0.007646322250366211
0.007675886154174805
0.007590055465698242
0.007792472839355469
0.007819414138793945
0.007799863815307617
0.007692813873291016
0.007816791534423828
0.007721424102783203
0.007786273956298828
0.008215665817260742
0.007715463638305664
0.007854461669921875
0.007802724838256836
0.008017539978027344
0.0078122615814208984
0.008248090744018555
0.008016109466552734
0.007843732833862305
0.007893085479736328
0.007869720458984375
0.007860183715820312
0.00789022445678711
0.00778961181640625
0.008055686950683594
0.007915019989013672
0.008060455322265625
0.007983207702636719
0.007977724075317383
0.008070230484008789
0.00829005241394043
0.008045673370361328
0.007973432540893555
0.008072614669799805
0.008013486862182617
0.008349418640136719
0.008059978485107422
0.008060693740844727
0.00804281234741211
0.007989168167114258
0.008069038391113281
0.008036136627197266
0.008413314819335938
0.008246183395385742
0.008059263229370117
0.008119821548461914
0.008487462997436523
0.008350372314453125
0.008021116256713867
0.008095741271972656
0.008107185363769531
0.008168935775756836
0.008290529251098633
0.008371114730834961
0.008107185363769531
0.00809168815612793
0.008367061614990234
0.008253812789916992
0.008373260498046875
0.008153915405273438
0.008249759674072266
0.016021251678466797
0.008455038070678711
0.008272171020507812
0.008407115936279297
0.008677959442138672
0.008499622344970703
0.00847768783569336
0.008760929107666016
0.00855875015258789
0.008307218551635742
0.008425712585449219
0.00862431526184082
0.008349418640136719
0.008485794067382812
0.008463144302368164
0.00835728645324707
0.008324384689331055
0.008415699005126953
0.008533954620361328
0.00869131088256836
0.00858926773071289
0.008374691009521484
0.00847768783569336
0.00844717025756836
0.008462905883789062
0.009957313537597656
0.008858919143676758
0.008727312088012695
0.008426427841186523
0.008662700653076172
0.008599281311035156
0.008543014526367188
0.00890970230102539
0.008539199829101562
0.008506536483764648
0.008756160736083984
0.008800268173217773
0.008863210678100586
0.008749246597290039
0.008930444717407227
0.008649110794067383
0.008747100830078125
0.008610010147094727
0.008632659912109375
0.008506536483764648
0.00883793830871582
0.008674383163452148
0.008785486221313477
0.008756875991821289
0.008758306503295898
0.008862972259521484
0.008771657943725586
0.008853435516357422
0.009011268615722656
0.008838891983032227
0.008850812911987305
0.008713245391845703
0.00917959213256836
0.008924484252929688
0.008886098861694336
0.009012937545776367
0.009118080139160156
0.008888721466064453
0.008864641189575195
0.008826017379760742
0.008955955505371094
0.009176492691040039
0.009016752243041992
0.00894927978515625
0.009018659591674805
0.009094476699829102
0.009004592895507812
0.008910894393920898
0.00901031494140625
0.008907556533813477
0.009259939193725586
0.00913548469543457
0.009027719497680664
0.008913278579711914
0.008944988250732422
0.00911092758178711
0.009167671203613281
0.0090484619140625
0.009121894836425781
0.00927591323852539
0.009962081909179688
0.010041236877441406
0.009318113327026367
0.009124517440795898
0.009181022644042969
0.009363412857055664
0.009392023086547852
0.009256362915039062
0.00921940803527832
0.009131431579589844
0.009318113327026367
0.00937199592590332
0.00918722152709961
0.009279489517211914
0.009030580520629883
0.009422063827514648
0.009542703628540039
0.009544610977172852
0.009654760360717773
0.00963449478149414
0.009506940841674805
0.009535074234008789
0.009563684463500977
0.009281635284423828
0.009293794631958008
0.009503602981567383
0.009354352951049805
0.00961613655090332
0.00965118408203125
0.009494543075561523
0.009447097778320312
0.009920358657836914
0.009624481201171875
0.009539365768432617
0.009739398956298828
0.00954747200012207
0.009541511535644531
0.009499788284301758
0.009522438049316406
0.009590387344360352
0.00947713851928711
0.009608268737792969
0.00974130630493164
0.009638547897338867
0.009430885314941406
0.009685993194580078
0.010029077529907227
0.010085821151733398
0.009833335876464844
0.009539365768432617
0.009565114974975586
0.009603261947631836
0.009742259979248047
0.009801864624023438
0.009713888168334961
0.009636402130126953
0.009488821029663086
0.009535074234008789
0.00966954231262207
0.009943485260009766
0.009581327438354492
0.009961366653442383
0.009860515594482422
0.009624719619750977
0.009654521942138672
0.009928703308105469
0.010101079940795898
0.009682416915893555
0.009728193283081055
0.009878158569335938
0.009761571884155273
0.009990930557250977
0.00965571403503418
0.009693384170532227
0.021719694137573242
0.016086101531982422
0.010010242462158203
0.009627103805541992
0.009916543960571289
0.009901046752929688
0.009925365447998047
0.009930610656738281
0.009964704513549805
0.010047435760498047
0.010010004043579102
0.0099334716796875
0.009974956512451172
0.01015782356262207
0.010005950927734375
0.010221481323242188
0.009856939315795898
0.010125160217285156
0.010482072830200195
0.010358333587646484
0.009959220886230469
0.009939908981323242
0.010025739669799805
0.010222434997558594
0.01021885871887207
0.010347604751586914
0.01008915901184082
0.010143518447875977
0.010075569152832031
0.010048866271972656
0.010483980178833008
0.010664939880371094
0.010448694229125977
0.010358572006225586
0.010106801986694336
0.010282754898071289
0.010016679763793945
0.010238885879516602
0.010310649871826172
0.010636568069458008
0.010089397430419922
0.010325908660888672
0.010152816772460938
0.010863304138183594
0.010448217391967773
0.010366678237915039
0.010547637939453125
0.01048731803894043
0.01187443733215332
0.010431766510009766
0.01038980484008789
0.01035308837890625
0.010573387145996094
0.010230302810668945
0.01073002815246582
0.010450363159179688
0.010358810424804688
0.01042485237121582
0.010710716247558594
0.010266542434692383
0.010592460632324219
0.010605096817016602
0.010817527770996094
0.010652303695678711
0.010738372802734375
0.010439634323120117
0.011247634887695312
0.010694503784179688
0.010779857635498047
0.01063227653503418
0.010532140731811523
0.010613441467285156
0.01087641716003418
0.010961055755615234
0.010705709457397461
0.010811090469360352
0.010614156723022461
0.010570049285888672
0.01072072982788086
0.010552644729614258
0.010657787322998047
0.010653495788574219
0.010463714599609375
0.010621786117553711
0.010769128799438477
0.011256694793701172
0.010928153991699219
0.01079249382019043
0.011032819747924805
0.010742902755737305
0.011065483093261719
0.010863304138183594
0.017448902130126953
0.010784626007080078
0.010989904403686523
0.010993480682373047
0.01074361801147461
0.010821104049682617
0.01108694076538086
0.010715961456298828
0.01121664047241211
0.011181354522705078
0.011012792587280273
0.010902166366577148
0.010768651962280273
0.010710954666137695
0.011001110076904297
0.010875701904296875
0.01106715202331543
0.01083064079284668
0.010862350463867188
0.010751962661743164
0.010977506637573242
0.010743856430053711
0.011036157608032227
0.011232376098632812
0.010915517807006836
0.011441946029663086
0.011519193649291992
0.011275053024291992
0.010976791381835938
0.011267662048339844
0.011054277420043945
0.011101484298706055
0.012829780578613281
0.011574029922485352
0.010954856872558594
0.011285781860351562
0.011333227157592773
0.011452198028564453
0.011256694793701172
0.0111846923828125
0.011211872100830078
0.011186361312866211
0.011005163192749023
0.011083602905273438
0.011066436767578125
0.011216878890991211
0.011667966842651367
0.011194229125976562
0.011679410934448242
0.011273622512817383
0.01145482063293457
0.01125788688659668
0.011136531829833984
0.011200189590454102
0.011288881301879883
0.011284828186035156
0.011242866516113281
0.011366844177246094
0.011162042617797852
0.011410236358642578
0.011326789855957031
0.01159358024597168
0.012080907821655273
0.011353492736816406
0.011360645294189453
0.01158905029296875
0.011693239212036133
0.011647701263427734
0.011503219604492188
0.011276006698608398
0.011570930480957031
0.011333227157592773
0.011789321899414062
0.017087221145629883
0.011955499649047852
0.011967897415161133
0.011503458023071289
0.011427164077758789
0.011485099792480469
0.011319160461425781
0.011521339416503906
0.012080192565917969
0.011857986450195312
0.011719226837158203
0.012261390686035156
0.011776208877563477
0.011758565902709961
0.011883258819580078
0.011710405349731445
0.011839151382446289
0.011930465698242188
0.011704683303833008
0.011754751205444336
0.011918067932128906
0.011902093887329102
0.011811494827270508
0.011974573135375977
0.011932611465454102
0.015228748321533203
0.01198577880859375
0.011647701263427734
0.011777639389038086
0.012098550796508789
0.011991262435913086
0.011667013168334961
0.0116119384765625
0.01181650161743164
0.011733293533325195
0.012207508087158203
0.012154579162597656
0.01188969612121582
0.011945486068725586
0.012698173522949219
0.012525558471679688
0.01450800895690918
0.017802715301513672
0.013031482696533203
0.017400503158569336
0.017889738082885742
0.01735830307006836
0.012334585189819336
0.014185190200805664
0.01215362548828125
0.012199878692626953
0.012456893920898438
0.012282848358154297
0.011925458908081055
0.011835575103759766
0.012329578399658203
0.012151002883911133
0.012317180633544922
0.012090682983398438
0.012382268905639648
0.012418508529663086
0.016170978546142578
0.011869430541992188
0.012279987335205078
0.012003183364868164
0.012469768524169922
0.012442588806152344
0.01227259635925293
0.01234292984008789
0.012338399887084961
0.01231074333190918
0.012115716934204102
0.012525558471679688
0.012471437454223633
0.012558698654174805
0.012620687484741211
0.012458324432373047
0.012254476547241211
0.01245570182800293
0.01228642463684082
0.012731790542602539
0.012382745742797852
0.012523174285888672
0.012458086013793945
0.012351274490356445
0.01251363754272461
0.012825489044189453
0.012429237365722656
0.012360811233520508
0.012986421585083008
0.012481212615966797
0.01262974739074707
0.01284337043762207
0.012609481811523438
0.012815475463867188
0.012181997299194336
0.01317596435546875
0.01280355453491211
0.012274503707885742
0.012531042098999023
0.012646913528442383
0.012555360794067383
0.013011455535888672
0.01331782341003418
0.01342320442199707
0.01270747184753418
0.012740612030029297
0.012881755828857422
0.012697696685791016
0.012932777404785156
0.013329029083251953
0.01342463493347168
0.014045476913452148
0.013850688934326172
0.012813329696655273
0.01263737678527832
0.012803077697753906
0.012952566146850586
0.012776374816894531
0.013293981552124023
0.012802839279174805
0.012803792953491211
0.013128042221069336
0.013049602508544922
0.01292276382446289
0.012970924377441406
0.013201713562011719
0.01290130615234375
0.012860298156738281
0.01296091079711914
0.013063192367553711
0.013290882110595703
0.01317286491394043
0.01313471794128418
0.012973546981811523
0.013113975524902344
0.012990474700927734
0.013187885284423828
0.013220787048339844
0.013019084930419922
0.013043880462646484
0.012892723083496094
0.013195991516113281
0.012985706329345703
0.012825727462768555
0.013219356536865234
0.013129234313964844
0.013400554656982422
0.013267040252685547
0.013330221176147461
0.013094902038574219
0.013708829879760742
0.01321268081665039
0.012970685958862305
0.013221263885498047
0.013211727142333984
0.01331019401550293
0.01320958137512207
0.013123750686645508
0.013084650039672852
0.013296127319335938
0.01357889175415039
0.013650655746459961
0.013338565826416016
0.013208627700805664
0.013159036636352539
0.01338815689086914
0.013062238693237305
0.013286352157592773
0.013129472732543945
0.013458490371704102
0.013116836547851562
0.013760805130004883
0.013554096221923828
0.013422250747680664
0.013144493103027344
0.013420820236206055
0.013483524322509766
0.013614416122436523
0.013367652893066406
0.014817476272583008
0.01470637321472168
0.013772010803222656
0.014020681381225586
0.014069795608520508
0.01370692253112793
0.013382911682128906
0.01360011100769043
0.01372385025024414
0.013811826705932617
0.013574838638305664
0.013678550720214844
0.013327598571777344
0.013392448425292969
0.013865947723388672
0.013743162155151367
0.013436079025268555
0.013749361038208008
0.013423919677734375
0.01389622688293457
0.013740777969360352
0.013666629791259766
0.013436555862426758
0.013421058654785156
0.013604164123535156
0.013527870178222656
0.014104127883911133
0.013758182525634766
0.013696432113647461
0.013763427734375
0.013718366622924805
0.013936281204223633
0.013691902160644531
0.013643741607666016
0.013389825820922852
0.01381993293762207
0.014051675796508789
0.013934135437011719
0.014084577560424805
0.013998031616210938
0.014094829559326172
0.01358175277709961
0.014162778854370117
0.013916015625
0.01400613784790039
0.01387166976928711
0.014117240905761719
0.013867855072021484
0.014165163040161133
0.014149904251098633
0.013829946517944336
0.01413583755493164
0.014267444610595703
0.014355182647705078
0.013978242874145508
0.014122724533081055
0.015670061111450195
0.013813018798828125
0.013950109481811523
0.014087200164794922
0.014055013656616211
0.014213085174560547
0.014019012451171875
0.013702154159545898
0.013802289962768555
0.013948678970336914
0.01388239860534668
0.013940811157226562
0.014333963394165039
0.013869524002075195
0.014317035675048828
0.014117717742919922
0.014025211334228516
0.013760805130004883
0.014237642288208008
0.014130592346191406
0.013982295989990234
0.014595270156860352
0.014252901077270508
0.014262676239013672
0.014400243759155273
0.013898611068725586
0.014306068420410156
0.014190435409545898
0.01415562629699707
0.014350652694702148
0.015505075454711914
0.01464986801147461
0.014183759689331055
0.015399456024169922
0.01439046859741211
0.014608144760131836
0.015093088150024414
0.014465093612670898
0.014460563659667969
0.014489889144897461
0.014280557632446289
0.014118194580078125
0.014296293258666992
0.014729976654052734
0.014628887176513672
0.01473093032836914
0.014307498931884766
0.01435232162475586
0.014515399932861328
0.014755487442016602
0.014648675918579102
0.014492034912109375
0.014931917190551758
0.014678001403808594
0.014435529708862305
0.01449275016784668
0.014517545700073242
0.014615297317504883
0.014572381973266602
0.021602630615234375
0.014395713806152344
0.014922857284545898
0.014865398406982422
0.014960527420043945
0.014816045761108398
0.015065193176269531
0.01468968391418457
0.014487981796264648
0.014569759368896484
0.014535903930664062
0.014642000198364258
0.014620065689086914
0.014566183090209961
0.015275955200195312
0.014553546905517578
0.014538764953613281
0.014741182327270508
0.014576911926269531
0.014816045761108398
0.014911174774169922
0.015075922012329102
0.014406204223632812
0.014853715896606445
0.014947891235351562
0.014562129974365234
0.014683246612548828
0.014734506607055664
0.014867782592773438
0.015097379684448242
0.014550209045410156
0.015106916427612305
0.014628410339355469
0.015100955963134766
0.015431880950927734
0.015228986740112305
0.014551162719726562
0.01526951789855957
0.01505279541015625
0.015181779861450195
0.014635324478149414
0.014845132827758789
0.014847993850708008
0.015448570251464844
0.015161752700805664
0.014814376831054688
0.015151739120483398
0.015022039413452148
0.014885187149047852
0.015082836151123047
0.015180826187133789
0.01568603515625
0.015346527099609375
0.015484094619750977
0.016039609909057617
0.015255212783813477
0.015429019927978516
0.014774322509765625
0.015218734741210938
0.015073060989379883
0.01496744155883789
0.014756202697753906
0.014968633651733398
0.015177488327026367
0.015308856964111328
0.015036344528198242
0.01543569564819336
0.015152454376220703
0.015274286270141602
0.014862298965454102
0.015193700790405273
0.014989376068115234
0.01498723030090332
0.015355825424194336
0.017725467681884766
0.01663970947265625
0.01528787612915039
0.015267133712768555
0.01568603515625
0.01553964614868164
0.015183687210083008
0.015394449234008789
0.01569986343383789
0.0151824951171875
0.0156862735748291
0.015358924865722656
0.015530586242675781
0.015408754348754883
0.015339136123657227
0.015370845794677734
0.01516866683959961
0.01758265495300293
0.015417814254760742
0.015708208084106445
0.015815258026123047
0.015357494354248047
0.015367984771728516
0.015621185302734375
0.015233755111694336
0.015671730041503906
0.015473604202270508
0.01565837860107422
0.015793561935424805
0.01564931869506836
0.015594482421875
0.015682458877563477
0.015393495559692383
0.015938282012939453
0.015706539154052734
0.016257762908935547
0.01558685302734375
0.01574563980102539
0.021869182586669922
0.015728235244750977
0.015793323516845703
0.015795230865478516
0.015640974044799805
0.015671491622924805
0.017084836959838867
0.015741348266601562
0.015522241592407227
0.015844106674194336
0.015642404556274414
0.016309261322021484
0.01572275161743164
0.01576066017150879
0.01548624038696289
0.015985965728759766
0.015771865844726562
0.015761852264404297
0.01696634292602539
0.01665019989013672
0.015636444091796875
0.01578831672668457
0.015917301177978516
0.01615166664123535
0.019792556762695312
0.015597105026245117
0.015887975692749023
0.016816139221191406
0.01628875732421875
0.016079187393188477
0.016225814819335938
0.015810728073120117
0.015923023223876953
0.016248703002929688
0.015839576721191406
0.015833377838134766
0.016801834106445312
0.01628255844116211
0.016116619110107422
0.016060829162597656
0.0160982608795166
0.016613483428955078
0.015874385833740234
0.01608729362487793
0.016164779663085938
0.016061782836914062
0.015882492065429688
0.016079425811767578
0.016054630279541016
0.016153335571289062
0.01607370376586914
0.016252756118774414
0.01618790626525879
0.016749143600463867
0.016106605529785156
0.0166318416595459
0.01625657081604004
0.016196727752685547
0.01612687110900879
0.01698899269104004
0.016323328018188477
0.016292810440063477
0.01667952537536621
0.016366243362426758
0.016352176666259766
0.016150474548339844
0.01629471778869629
0.01666736602783203
0.01656317710876465
0.016425132751464844
0.016732454299926758
0.01651740074157715
0.01636338233947754
0.017535686492919922
0.016699790954589844
0.016301393508911133
0.016536712646484375
0.016398191452026367
0.01618027687072754
0.01609659194946289
0.01664113998413086
0.01633167266845703
0.016759634017944336
0.016373872756958008
0.016297578811645508
0.016609907150268555
0.01638650894165039
0.016433238983154297
0.01644134521484375
0.01632833480834961
0.01655101776123047
0.016981840133666992
0.016779184341430664
0.016384363174438477
0.01650857925415039
0.01684427261352539
0.01709270477294922
0.0165255069732666
0.016881227493286133
0.01703047752380371
0.016626358032226562
0.016685962677001953
0.01623702049255371
0.01677703857421875
0.016415834426879883
0.0164034366607666
0.017049312591552734
0.016526222229003906
0.017594337463378906
0.017023086547851562
0.017026424407958984
0.016820669174194336
0.01689624786376953
0.017015933990478516
0.0171663761138916
0.016681671142578125
0.016835451126098633
0.01686859130859375
0.016610383987426758
0.016672372817993164
0.016835451126098633
0.016776084899902344
0.01707148551940918
0.01653575897216797
0.01695537567138672
0.01668834686279297
0.017090559005737305
0.0168912410736084
0.016670703887939453
0.016761302947998047
0.031523942947387695
0.020967721939086914
0.016847610473632812
0.01758718490600586
0.0185849666595459
0.01755356788635254
0.01748800277709961
0.01718425750732422
0.017344951629638672
0.016840696334838867
0.018277645111083984
0.016850709915161133
0.02105236053466797
0.020359039306640625
0.017508745193481445
0.018041610717773438
0.018544912338256836
0.01822662353515625
0.016990184783935547
0.017043590545654297
0.01713252067565918
0.017472267150878906
0.016786813735961914
0.017235279083251953
0.017601728439331055
0.017180204391479492
0.017293691635131836
0.0169677734375
0.016858816146850586
0.017522096633911133
0.01714348793029785
0.017107248306274414
0.01731419563293457
0.017146587371826172
0.017007827758789062
0.016820669174194336
0.01716446876525879
0.016979217529296875
0.017925262451171875
0.017635345458984375
0.01792168617248535
0.01760268211364746
0.017560482025146484
0.01752328872680664
0.017384767532348633
0.02138829231262207
0.017760276794433594
0.018447160720825195
0.017850399017333984
0.0178225040435791
0.017325639724731445
0.017539262771606445
0.017310619354248047
0.01757049560546875
0.017731189727783203
0.017707109451293945
0.01793217658996582
0.017232418060302734
0.01796698570251465
0.017502784729003906
0.01776719093322754
0.01780867576599121
0.017681598663330078
0.017930984497070312
0.01787734031677246
0.018506765365600586
0.01961994171142578
0.01735687255859375
0.017833709716796875
0.017748594284057617
0.017283916473388672
0.017580747604370117
0.01738572120666504
0.017652034759521484
0.01735067367553711
0.017406225204467773
0.017377614974975586
0.01748800277709961
0.017626285552978516
0.01733851432800293
0.01817011833190918
0.01809096336364746
0.017691850662231445
0.017485857009887695
0.01790165901184082
0.017624855041503906
0.017763376235961914
0.01758122444152832
0.017653942108154297
0.01770305633544922
0.018042325973510742
0.017657041549682617
0.017798900604248047
0.017986774444580078
0.01772618293762207
0.018062114715576172
0.018035888671875
0.01814103126525879
0.018289804458618164
0.018091678619384766
0.01787853240966797
0.026599407196044922
0.01833033561706543
0.01868438720703125
0.01796865463256836
0.01811981201171875
0.0179593563079834
0.01804375648498535
0.01817941665649414
0.018601655960083008
0.018149375915527344
0.018057823181152344
0.018223285675048828
0.018074989318847656
0.01854538917541504
0.018602371215820312
0.017899274826049805
0.01793360710144043
0.018193721771240234
0.017778396606445312
0.018220186233520508
0.018240928649902344
0.018236637115478516
0.018401145935058594
0.018375635147094727
0.018183231353759766
0.01845526695251465
0.018286466598510742
0.018301725387573242
0.01849842071533203
0.019156694412231445
0.018596887588500977
0.018366575241088867
0.01793646812438965
0.018409013748168945
0.01825881004333496
0.018855810165405273
0.01825428009033203
0.01837754249572754
0.018709659576416016
0.018049240112304688
0.018519878387451172
0.018422365188598633
0.01816701889038086
0.018460988998413086
0.018328428268432617
0.019017696380615234
0.01854729652404785
0.020210981369018555
0.018440723419189453
0.01826786994934082
0.01840353012084961
0.01822376251220703
0.018936872482299805
0.019121408462524414
0.018414020538330078
0.018121957778930664
0.018454313278198242
0.018485069274902344
0.01854395866394043
0.018532991409301758
0.0187528133392334
0.019268035888671875
0.01842784881591797
0.018867015838623047
0.01836538314819336
0.01835322380065918
0.018999338150024414
0.01878046989440918
0.018978357315063477
0.01908588409423828
0.018738746643066406
0.019163846969604492
0.019406557083129883
0.01934218406677246
0.026721715927124023
0.0242307186126709
0.0200347900390625
0.018898487091064453
0.01898050308227539
