5.00679016113e-06
1.00135803223e-05
1.4066696167e-05
2.00271606445e-05
2.98023223877e-05
4.10079956055e-05
5.60283660889e-05
5.60283660889e-05
6.89029693604e-05
7.9870223999e-05
9.58442687988e-05
0.000113010406494
0.000130891799927
0.00015115737915
0.000175952911377
0.000186920166016
0.000210046768188
0.000231981277466
0.000259876251221
0.000285148620605
0.000313997268677
0.000342130661011
0.000303983688354
0.000331878662109
0.000358819961548
0.000387907028198
0.000416994094849
0.00044584274292
0.00047492980957
0.000604867935181
0.000653982162476
0.000576972961426
0.00061297416687
0.000648021697998
0.000744104385376
0.000711917877197
0.000771045684814
0.000821828842163
0.000876903533936
0.00110197067261
0.000936985015869
0.000977993011475
0.00102400779724
0.00107216835022
0.00112104415894
0.0011739730835
0.00121903419495
0.00126791000366
0.00128316879272
0.00137591362
0.00141215324402
0.00146508216858
0.00158882141113
0.00161218643188
0.0017249584198
0.00176596641541
0.00178718566895
0.00186204910278
0.00187492370605
0.00193500518799
0.00216603279114
0.00211691856384
0.00216007232666
0.00221490859985
0.00228095054626
0.002357006073
0.00249195098877
0.00274014472961
0.0027289390564
0.00265407562256
0.00270104408264
0.00280499458313
0.00286889076233
0.00314903259277
0.00325679779053
0.00325393676758
0.00347495079041
0.00341010093689
0.00353813171387
0.00363993644714
0.00358581542969
0.00372004508972
0.0037100315094
0.00378704071045
0.00410795211792
0.00426912307739
0.00418710708618
0.00423789024353
0.0042200088501
0.00448393821716
0.00447416305542
0.00507998466492
0.0047287940979
0.00482392311096
0.00489902496338
0.00505590438843
0.00504422187805
0.00573897361755
0.00535607337952
0.00545907020569
0.00577807426453
0.00582599639893
0.0059609413147
0.00614213943481
0.00610613822937
0.00641798973083
0.00615000724792
0.00683498382568
0.00648808479309
0.00659990310669
0.00680923461914
0.00715804100037
0.00712394714355
0.00706696510315
0.00758695602417
0.00760698318481
0.00783896446228
0.00806999206543
0.00784111022949
0.00864195823669
0.00812602043152
0.00833582878113
0.00824284553528
0.00906896591187
0.00855207443237
0.00883293151855
0.00942301750183
0.00933694839478
0.0091700553894
0.00980401039124
0.00953102111816
0.00984907150269
0.0100259780884
0.0100951194763
0.010293006897
0.010705947876
0.0103650093079
0.0107610225677
0.0111079216003
0.0108139514923
0.0108640193939
0.0116820335388
0.011207818985
0.011745929718
0.0119822025299
0.0121278762817
0.0124170780182
0.0120711326599
0.0125708580017
0.0131571292877
0.0131411552429
0.0135669708252
0.0130190849304
0.0136330127716
0.0132541656494
0.0140290260315
0.0137238502502
0.0144109725952
0.0140538215637
0.0146429538727
0.0145161151886
0.0149939060211
0.0149948596954
0.0152378082275
0.0151789188385
0.015655040741
0.0156149864197
0.0161700248718
0.0159459114075
0.0164520740509
0.0161390304565
0.0171530246735
0.0167031288147
0.0175349712372
0.017245054245
0.0174770355225
0.0178561210632
0.0181670188904
0.0181629657745
0.0184760093689
0.0185141563416
0.0188658237457
0.019061088562
0.0195899009705
0.0193719863892
0.01935505867
0.0196959972382
0.0202751159668
0.0199458599091
0.0205321311951
0.0203559398651
0.0205519199371
0.021036863327
0.0212640762329
0.0211219787598
0.0225789546967
0.0230360031128
0.0222039222717
0.0221588611603
0.0225949287415
0.0227971076965
0.0230760574341
0.0234441757202
0.0236370563507
0.0237400531769
0.024130821228
0.0241751670837
0.024425983429
0.0247600078583
0.0250489711761
0.0250878334045
0.0252630710602
0.0256080627441
0.0257790088654
0.026575088501
0.0266740322113
0.0266470909119
0.0269680023193
0.0275030136108
0.0276110172272
0.0274250507355
0.0276820659637
0.0285778045654
0.0299510955811
0.0294060707092
0.0294399261475
0.0299758911133
0.0302209854126
0.0301311016083
0.03058385849
0.0305459499359
0.0312960147858
0.0319781303406
0.0320720672607
0.032310962677
0.0333700180054
0.0325109958649
0.0327191352844
0.032821893692
0.0334470272064
0.0336611270905
0.0341091156006
0.0338010787964
0.0343358516693
0.0351278781891
0.0347719192505
0.0349209308624
0.035462141037
0.0362610816956
0.0363030433655
0.0368890762329
0.0369720458984
0.0375311374664
0.0378129482269
0.0380220413208
0.0383961200714
0.0380640029907
0.0388209819794
0.0391399860382
0.0397119522095
0.039666891098
0.0400700569153
0.0400729179382
0.0409030914307
0.0400590896606
0.0408561229706
0.0409021377563
0.0411620140076
0.0411069393158
0.0415410995483
0.0417730808258
0.042209148407
0.0428178310394
0.0436708927155
0.0433640480042
0.0435798168182
0.0441739559174
0.0467548370361
0.0453789234161
0.0463690757751
0.046660900116
0.0466551780701
0.0471940040588
0.047651052475
0.0463950634003
0.0474491119385
0.0470180511475
0.0491528511047
0.0492398738861
0.0495200157166
0.0496649742126
0.0507521629333
0.0500950813293
0.0517377853394
0.0499620437622
0.0503771305084
0.0510997772217
0.0519688129425
0.0528328418732
0.0537061691284
0.0534081459045
0.0544719696045
0.0539948940277
0.053817987442
0.0531668663025
0.0545029640198
0.0538859367371
0.0563509464264
0.0564720630646
0.0571930408478
0.0581119060516
0.0596199035645
0.0601329803467
0.0617578029633
0.0605070590973
0.0619950294495
0.062509059906
0.0624759197235
0.0634348392487
0.0639841556549
0.0636448860168
0.0641369819641
0.0627820491791
0.0627310276031
0.0621418952942
0.0630030632019
0.0633499622345
0.0630600452423
0.0625691413879
0.0644462108612
0.0739948749542
0.0675609111786
0.0680639743805
0.0692629814148
0.0683770179749
0.0682289600372
0.0667419433594
0.0676870346069
0.0690410137177
0.0723068714142
0.0720911026001
0.0719320774078
0.0717298984528
0.0726380348206
0.0722651481628
0.0714621543884
0.0705010890961
0.0730440616608
0.0715661048889
0.0719640254974
0.0713911056519
0.0728340148926
0.0729269981384
0.0734360218048
0.0741429328918
0.0760278701782
0.0749471187592
0.0753078460693
0.0756070613861
0.0756878852844
0.0771811008453
0.0778501033783
0.0777518749237
0.0790390968323
0.0783879756927
0.0786800384521
0.0801138877869
0.0823459625244
0.0830299854279
0.0838570594788
0.0855331420898
0.0830860137939
0.0828349590302
0.0843191146851
0.0857741832733
0.085608959198
0.0842199325562
0.0850541591644
0.0851790904999
0.0882799625397
0.088406085968
0.0900099277496
0.0887229442596
0.0884010791779
0.0891919136047
0.0889809131622
0.0873219966888
0.0877540111542
0.0878939628601
0.0885758399963
0.0894961357117
0.0905878543854
0.0905170440674
0.0906910896301
0.0906319618225
0.0942530632019
0.0919909477234
0.093563079834
0.0945298671722
0.0939319133759
0.0948150157928
0.0951728820801
0.0963799953461
0.0986559391022
0.09694480896
0.0985050201416
0.097639799118
0.0976181030273
0.0982608795166
0.0997719764709
0.0992040634155
0.100291013718
0.100222110748
0.100546836853
0.100743770599
0.103787899017
0.101856946945
0.102807998657
0.102943181992
0.104105949402
0.104538917542
0.105763196945
0.105347156525
0.10634803772
0.107001066208
0.106863021851
0.108324050903
0.108701944351
0.108747959137
0.111869096756
0.111459970474
0.110862016678
0.11141705513
0.113234996796
0.113877773285
0.114090919495
0.112040042877
0.115907907486
0.114119052887
0.117830038071
0.116988897324
0.118760824203
0.11786198616
0.117592096329
0.116299152374
0.117599964142
0.116972923279
0.120190143585
0.117745876312
0.120032072067
0.120134830475
0.125231981277
0.121053934097
0.123273134232
0.122026920319
0.123935937881
0.124366998672
0.125210046768
0.128214120865
0.127071142197
0.125971794128
0.12645316124
0.126460790634
0.130222082138
0.127913951874
0.133313894272
0.129687070847
0.130801916122
0.130728006363
0.131753921509
0.131972074509
0.133193969727
0.134586811066
0.135562181473
0.135680198669
0.137628793716
0.134747028351
0.136826992035
0.136458873749
0.14071893692
0.141315937042
0.144165992737
0.138391971588
0.144374847412
0.142374038696
0.141644954681
0.143180131912
0.146600008011
0.143956899643
0.145184993744
0.143268108368
0.145511865616
0.14608001709
0.14610004425
0.147462844849
0.15031003952
0.148005008698
0.148542881012
0.148021936417
0.150544881821
0.151270866394
0.152958154678
0.151645183563
0.154537916183
0.156962871552
0.156407833099
0.156847953796
0.156525850296
0.15402507782
0.155714988708
0.155996799469
0.157723903656
0.161743164062
0.163383960724
0.160123109818
0.160542011261
0.160622119904
0.161734819412
0.165832042694
0.162047863007
0.16241979599
0.165469169617
0.163282155991
0.167625188828
0.168713092804
0.171423912048
0.168817043304
0.172544956207
0.169414043427
0.171716928482
0.173711061478
0.173590898514
0.16952586174
0.174113988876
0.173510789871
0.172549009323
0.173074960709
0.178951978683
0.175488948822
0.177740097046
0.177368879318
0.178532123566
0.177578926086
0.182451963425
0.180732965469
0.185754060745
0.186394929886
0.186630010605
0.184664011002
0.184963941574
0.181266069412
0.183744907379
0.188179016113
0.188056945801
0.186815977097
0.189905881882
0.188276052475
0.194908857346
0.193521976471
0.191548109055
0.190622091293
0.192327976227
0.193600177765
0.196571111679
0.195285081863
0.196877002716
0.19514298439
0.201526880264
0.195719957352
0.198901891708
0.197142124176
0.198876857758
0.199191808701
0.202527999878
0.201196908951
0.201423168182
0.312644958496
0.320317983627
0.31894493103
0.321922063828
0.322457075119
0.325592041016
0.328644037247
0.260805130005
0.210277795792
0.210644006729
0.210565805435
0.213706016541
0.211416006088
0.213922023773
0.21346282959
0.215802192688
0.213020801544
0.215033054352
0.216248035431
0.217036008835
0.219811916351
0.219722986221
0.22043299675
0.22066617012
0.219660997391
0.223935127258
0.225645065308
0.227787017822
0.234509944916
0.230605125427
0.229773044586
0.229439973831
0.235857963562
0.232590913773
0.232082843781
0.236886024475
0.231832027435
0.240805864334
0.237107992172
0.248841047287
0.249228000641
0.2449259758
0.23947095871
0.248468875885
0.240534067154
0.240995168686
0.239289045334
0.246574878693
0.239568948746
0.244559049606
0.245934009552
0.248847007751
0.244518995285
0.24878692627
0.245789051056
0.251674175262
0.249032974243
0.260610818863
0.25634598732
0.255034923553
0.249143838882
0.252178907394
0.259217977524
0.268727064133
0.267322063446
0.265505075455
0.260726928711
0.264698982239
0.25630402565
0.264470100403
0.260390996933
0.277607917786
0.269118070602
0.27094578743
0.272374868393
0.270221948624
0.269982099533
0.272057056427
0.269410133362
0.272574186325
0.272383928299
0.276252985001
0.271572113037
0.272740125656
0.270912885666
0.273150920868
0.268805980682
0.272927045822
0.273703098297
0.27987408638
0.279052019119
0.280456066132
0.278893947601
0.286463975906
0.278492927551
0.285264968872
0.28740811348
0.284034013748
0.289249181747
0.288081884384
0.283638954163
0.291514873505
0.286149978638
0.287765979767
0.292471170425
0.294010162354
0.290803909302
0.296485185623
0.293557167053
0.294294118881
0.29505610466
0.295111179352
0.293952941895
0.29640007019
0.294524908066
0.298655033112
0.299221038818
0.300474882126
0.298696994781
0.308325052261
0.300554990768
0.303497076035
0.305700063705
0.306571006775
0.304204940796
0.309002876282
0.306443929672
0.313545942307
0.306491136551
0.312276124954
0.310063123703
0.313677072525
0.31433391571
0.315501928329
0.315317153931
0.320606946945
0.320261001587
0.324851989746
0.327602148056
0.32093501091
0.322644948959
0.333440065384
0.329412937164
0.325301885605
0.329715013504
0.327826023102
0.330101966858
0.337467908859
0.334076881409
0.336898803711
0.335424184799
0.336469888687
0.332672119141
0.34072303772
0.335813999176
0.341560125351
0.345357894897
0.346930027008
0.339258909225
0.348891019821
0.343297958374
0.343240976334
0.35048699379
0.356793880463
0.351027011871
0.35444188118
0.355664968491
0.354254961014
0.356927871704
0.360548019409
0.354467868805
0.362181901932
0.358313798904
0.363584041595
0.362231016159
0.359923124313
0.366344928741
0.366272926331
0.365480899811
0.369255065918
0.372800111771
0.372982978821
0.369593143463
0.372289896011
0.365358114243
0.372440099716
0.37073802948
0.372498035431
0.375300884247
0.378357887268
0.37286400795
0.373430013657
0.382105112076
0.381270885468
0.391227960587
0.397660017014
0.395882129669
0.403288841248
0.39920592308
0.401850938797
0.398159980774
0.39522600174
0.393430948257
0.390583992004
0.39070892334
0.397385120392
0.398357152939
0.394464969635
0.394731998444
0.397038936615
0.394580125809
0.408118009567
0.399118900299
0.402716875076
0.403881788254
0.403968095779
0.401827096939
0.407550096512
0.403013944626
0.427473068237
0.410660028458
0.412982940674
0.418756961823
0.418194055557
0.422714948654
0.421211957932
0.426666021347
0.415791988373
0.420438051224
0.431432008743
0.418913841248
0.425899982452
0.41926407814
0.427529096603
0.423748970032
0.422466039658
0.424149990082
0.430750131607
0.430814981461
0.435960054398
0.430619955063
0.43473315239
0.438711166382
0.437623977661
0.435502052307
0.438282012939
0.436953783035
0.461617946625
0.461590051651
0.461996078491
0.457560062408
0.452486038208
0.447637081146
0.446118116379
0.443197965622
0.447867155075
0.450865030289
0.452741146088
0.450667142868
0.456550836563
0.457675933838
0.456910133362
0.455423116684
0.459326982498
0.458446025848
0.460513830185
0.457943916321
0.471348047256
0.463354110718
0.473175048828
0.467046976089
0.471760988235
0.46856880188
0.474528074265
0.471393108368
0.476248025894
0.472121953964
0.479383230209
0.486363887787
0.483170032501
0.478525876999
0.489711999893
0.485213041306
0.489685058594
0.485260009766
0.491940021515
0.483448982239
0.493305921555
0.488753080368
0.494574069977
0.490845918655
0.497267007828
0.493000030518
0.515430927277
0.532006025314
0.53061413765
0.511281967163
0.518093824387
0.515248060226
0.519372940063
0.511559963226
0.535212993622
0.540557861328
0.524978160858
0.513483047485
0.521667003632
0.513267993927
0.529050827026
0.514985799789
0.528098106384
0.515717029572
0.52156496048
0.55100107193
0.542797803879
0.543961048126
0.545122861862
0.54505109787
0.544661045074
0.539878129959
0.562659978867
0.572474956512
0.580855131149
0.552131175995
0.557204008102
0.577579975128
0.576642990112
0.582973003387
0.574591875076
0.575673103333
0.563050031662
0.538683891296
0.543031215668
0.542416095734
0.547365903854
0.546642065048
0.549214839935
0.548722028732
0.556066036224
0.550614118576
0.557996034622
0.55383682251
0.558019161224
0.554625988007
0.560501098633
0.55917596817
0.557314157486
0.560471057892
0.563868045807
0.564514875412
0.567360162735
0.572068929672
0.588948965073
0.59117102623
0.612216949463
0.607304096222
0.591099023819
0.589924812317
0.590474843979
0.58859205246
0.593060016632
0.593502998352
0.58690404892
0.617478132248
0.611108064651
0.592228889465
0.605497837067
0.585633039474
0.596563816071
0.590312957764
0.593015193939
0.592378854752
0.595189094543
0.598536968231
0.610579967499
0.604001998901
0.605224847794
0.598685026169
0.626684904099
0.624922990799
0.632277965546
0.610277175903
0.612565040588
0.607872009277
0.630729913712
0.631885051727
0.629320859909
0.618073940277
0.617635965347
0.621402978897
0.62397313118
0.621261119843
0.623743057251
0.623052120209
0.627779006958
0.631131887436
0.629649877548
0.63884806633
0.63530087471
0.631970882416
0.641093969345
0.634423971176
0.636347055435
0.638094902039
0.651509046555
0.657623052597
0.671623945236
0.650815010071
0.644545078278
0.650015830994
0.64838385582
0.645930051804
0.649790048599
0.650271892548
0.653487920761
0.672564029694
0.693825960159
0.671195983887
0.677521944046
0.695585012436
0.714700937271
0.715018033981
0.713799953461
0.705830097198
0.710118055344
0.705507993698
0.692197799683
0.71731710434
0.72138094902
0.691805839539
0.701901912689
0.700240850449
0.694805145264
0.688102006912
0.716697216034
0.708187103271
0.703390836716
0.725928783417
0.702797889709
0.724070072174
0.719287872314
0.724865913391
0.71417093277
0.738528966904
0.730046987534
0.720556020737
0.730811834335
0.696758985519
0.700299978256
0.705160140991
0.740483999252
0.749218940735
0.733752012253
0.744088172913
0.749176025391
0.740377902985
0.738354921341
0.737885951996
0.749282836914
0.727526903152
0.724513053894
0.715906143188
0.742799043655
0.74910902977
0.750470161438
0.762769937515
0.769351005554
0.757246017456
1.06103801727
0.843456029892
0.780178785324
0.776660203934
0.765498876572
0.774240970612
0.770416021347
0.75145983696
0.757144927979
0.76252412796
0.757672071457
0.760094881058
0.763012886047
0.777881145477
0.777978897095
0.758987903595
0.782732009888
0.78386592865
0.786178827286
0.775747060776
0.944505929947
0.763025045395
0.770572900772
0.770187854767
0.765986204147
0.77295088768
0.784226894379
0.791110992432
0.798660039902
0.802174091339
0.803368091583
0.799713134766
0.800420045853
0.850355148315
0.832890033722
0.839169979095
0.837284088135
0.828702926636
0.833429098129
0.818417072296
0.813569068909
0.83963394165
0.836448907852
0.817440986633
0.813093185425
0.802888154984
0.808439016342
0.803407907486
0.816993951797
0.812072992325
0.814685821533
0.810083866119
0.813287973404
0.822064876556
0.820922136307
0.823346138
0.829897880554
0.822319984436
0.826153039932
0.832340955734
0.84192109108
0.835505008698
0.838130950928
0.825640916824
0.833234071732
0.827376842499
0.836756944656
0.838648080826
0.835645914078
0.833421945572
0.836588859558
0.847054004669
0.846055984497
0.846319913864
0.849978208542
0.878284931183
0.868039131165
0.862015962601
0.897533178329
0.899565935135
0.88690495491
0.893810987473
0.925086021423
0.899868965149
0.867274999619
0.894800901413
0.924236059189
0.91588306427
0.932917833328
0.933079004288
0.915359973907
0.919233083725
0.924074888229
0.915838003159
0.914561033249
0.934890985489
0.942622184753
0.952432870865
0.944883108139
0.945587158203
0.978487968445
0.968996047974
0.959669113159
0.964218854904
0.976460933685
0.941196918488
0.934063911438
0.928246974945
0.910257101059
0.89909696579
0.931975126266
0.927958011627
0.929764032364
0.92049908638
0.927608013153
0.956202983856
0.961635112762
0.939035892487
0.959310054779
0.942512989044
0.938044071198
0.970000982285
0.981635808945
0.993554830551
0.941020011902
0.946352005005
0.979579925537
0.957978010178
0.961956977844
0.972581148148
1.00722908974
0.993432998657
1.02453398705
1.01994800568
1.01958394051
1.00145101547
1.01820611954
0.979991197586
0.982889890671
0.971330881119
1.00708603859
0.986254930496
1.00867295265
0.980461120605
1.05302095413
1.0668618679
1.07481384277
1.04160785675
1.05485105515
1.03152394295
1.03025388718
1.00061011314
1.04409694672
0.986088037491
0.996031045914
0.993012905121
1.00750494003
0.993877887726
1.00998878479
1.01153111458
1.01509785652
0.999835968018
1.01844096184
1.00998282433
1.00509810448
1.00290083885
1.01829504967
1.00665903091
1.01518702507
1.01041913033
1.02066493034
1.01114702225
1.01913499832
1.02246785164
1.02411413193
1.01815509796
1.03400492668
1.03171110153
1.03298401833
1.02532196045
1.03951692581
1.02466487885
1.03469896317
1.03068208694
1.05920505524
1.05689406395
1.05863595009
1.04492115974
1.04593300819
1.04267501831
1.0616300106
1.06642389297
1.07298707962
1.06708908081
1.06965589523
1.06607508659
1.062541008
1.05793309212
1.06511521339
1.06724405289
1.07123208046
1.06361508369
1.09575986862
1.06843113899
1.07458496094
1.07574105263
1.08262896538
1.08400392532
1.08929085732
1.07713699341
1.1053237915
1.10003495216
1.10596108437
1.10807013512
1.10550379753
1.09871602058
1.10134601593
1.09360599518
1.10447597504
1.09664607048
1.1092979908
1.1007399559
1.10609793663
1.12865900993
1.11803793907
1.11361598969
1.14394903183
1.12057900429
1.12248778343
1.11540102959
1.133893013
1.11654496193
1.13652515411
1.13012194633
1.13378000259
1.13139510155
1.13907694817
1.1382291317
1.15002703667
1.1370871067
1.14853811264
1.16634488106
1.22395300865
1.21407794952
1.16494488716
1.15749311447
1.16316795349
1.16725993156
1.16551017761
1.16039609909
1.18686294556
1.16239190102
1.16747307777
1.16415381432
1.21947407722
1.25435996056
1.23184013367
1.19916296005
1.22291302681
1.20105099678
1.22573709488
1.2316429615
1.25808405876
1.21979784966
1.25087594986
1.23216485977
1.23008608818
1.21527218819
1.24627113342
1.22423386574
1.23265314102
1.22709298134
1.26763701439
1.25345301628
1.24714803696
1.25549483299
1.29397296906
1.24520301819
1.28711509705
1.25630497932
1.26973986626
1.27137088776
1.28664088249
1.25326299667
1.26846599579
1.25542998314
1.28103709221
1.26607298851
1.25929307938
1.30767011642
1.29651498795
1.27869391441
1.31992793083
1.32309699059
1.3547501564
1.33905005455
1.3277618885
1.3585600853
1.30392193794
1.3708319664
1.38356995583
1.33740592003
1.37046408653
1.34437704086
1.34936499596
1.32366609573
1.33601689339
1.33406996727
1.29023694992
1.32257294655
1.3690328598
1.35862803459
1.36262798309
1.35775303841
1.38599920273
1.33902716637
1.37343788147
1.31882691383
1.39401721954
1.34698581696
1.3531870842
1.45596885681
2.12221288681
1.66466403008
1.40181493759
1.38716506958
1.55563998222
1.69061517715
1.40923500061
1.42393803596
1.41046690941
1.3616631031
1.38656306267
1.35935902596
1.37461304665
1.37435913086
1.38858103752
1.39588499069
1.38040494919
1.36021590233
1.38902401924
1.41801905632
1.57268404961
1.38404798508
1.42847299576
1.46343183517
1.51795387268
1.4814350605
1.44375300407
1.44938087463
1.43675494194
1.42762899399
1.43240213394
1.41535401344
1.42752194405
1.41653394699
1.43297290802
1.42419600487
1.43540501595
1.42551183701
1.43890285492
1.42816400528
1.44457602501
1.43558096886
1.44599890709
1.43866586685
1.45179510117
1.44567203522
1.45807909966
1.44746112823
1.4590139389
1.44754600525
1.46606087685
1.45589208603
1.46845722198
1.4593360424
1.47398304939
1.4633409977
1.4888010025
1.49319601059
1.48598408699
1.46906018257
1.47394013405
1.44745802879
1.46725416183
1.53919792175
1.52084493637
1.502202034
1.52917790413
1.51885080338
1.5418741703
1.54352617264
1.53134417534
1.52120494843
1.53867506981
1.53199505806
1.53876900673
1.52879786491
1.54230904579
1.54318189621
1.54618501663
1.53701996803
1.55387783051
1.54323291779
1.55270290375
1.54661393166
1.55779385567
1.60276508331
1.57448005676
1.56238293648
1.56100296974
1.55716586113
1.59821391106
1.57291007042
1.58543181419
1.57826805115
1.8503139019
1.5933368206
1.5918469429
1.57746696472
1.64531993866
1.5920381546
1.59663295746
1.59349799156
1.60019612312
1.59926390648
1.60787296295
1.59997606277
1.61129498482
1.60608911514
1.62352919579
1.6100461483
1.62115001678
1.61293911934
1.62226104736
1.62041497231
1.6364607811
1.62469005585
1.63615894318
1.62238502502
1.6455540657
1.64832091331
1.64798498154
1.97716999054
1.64783191681
1.64749693871
1.6509168148
1.65011191368
1.65283608437
1.65515398979
1.67081212997
1.6671898365
1.67975687981
1.67615389824
1.68060684204
1.67447805405
1.68525600433
1.67025709152
1.68070006371
1.6806538105
1.68370008469
1.67977905273
1.69908118248
1.68779706955
1.70656991005
1.69625687599
1.71569514275
1.72320914268
1.70455503464
1.69539999962
1.7091319561
1.70901894569
1.71610593796
1.70933699608
1.71685290337
1.71598887444
1.72302389145
1.71899700165
1.7299349308
1.72054290771
1.73478984833
1.73031806946
1.74085092545
1.72807002068
1.74319911003
1.74467921257
1.75217580795
1.74761104584
1.7505440712
1.7567949295
1.75853800774
1.75737500191
1.76357412338
1.75804185867
1.76278400421
1.76452803612
1.77615499496
1.77924203873
1.78725004196
1.77066612244
1.7879011631
1.78223586082
1.78989315033
1.78596711159
1.80066800117
1.78576683998
1.80252885818
1.79555487633
1.80147004128
1.79819393158
1.81548309326
1.8027150631
1.81668686867
1.81040000916
1.82096195221
1.8209130764
1.8259999752
1.82100987434
1.82818698883
1.82339406013
1.83605504036
1.824655056
1.84254980087
1.84341311455
1.84110808372
1.83788204193
1.84692692757
1.84331202507
1.85682702065
1.85182380676
1.86087083817
1.85266184807
1.86666607857
1.86539316177
1.86878299713
1.8518140316
1.86712813377
1.85687398911
1.88380980492
1.86585307121
1.87709903717
1.86822104454
1.87243294716
1.87627100945
1.87900710106
1.86809396744
1.8884100914
1.87920618057
1.89000606537
1.88021206856
1.88652300835
1.87883901596
1.89620995522
1.88629078865
1.9054248333
1.88938689232
1.90873622894
1.90271186829
1.91793417931
1.91064500809
1.91832304001
1.91381382942
1.92774701118
1.92214393616
1.93521308899
1.91834998131
1.93226504326
1.93257403374
1.97232079506
1.95733690262
1.94644403458
1.93704104424
1.9522190094
1.94562602043
1.9542081356
1.95007491112
1.96287894249
1.94970297813
1.96279001236
1.95598602295
1.97280192375
1.98243093491
1.99135398865
1.97120404243
1.97970914841
1.97864103317
1.98706102371
1.97971582413
1.99983286858
2.00610494614
1.99569296837
1.9899828434
2.02106690407
2.00909209251
2.01143503189
2.00589108467
2.01281189919
2.00183200836
2.01668405533
2.03129887581
2.05303001404
2.04636597633
2.06744098663
2.0444560051
2.03138899803
2.02138113976
2.03612112999
2.02880096436
2.04567098618
2.04364800453
2.04979300499
2.05646109581
2.05763506889
2.04517507553
2.06433391571
2.05776000023
2.06951713562
2.06203889847
2.10755681992
2.06927800179
2.07516407967
2.06882286072
2.08122992516
2.07308197021
2.09010004997
2.08355593681
2.09593677521
2.08657407761
2.10294699669
2.10069203377
2.11942791939
2.12114095688
2.11056208611
2.10540008545
2.11578702927
2.10672020912
2.12232589722
2.11047291756
2.12428188324
2.1191868782
2.13315010071
2.12469601631
2.1364171505
2.12976408005
2.13888788223
2.13587594032
2.15429186821
2.15186905861
2.16629004478
2.15096592903
2.16093111038
2.15310192108
2.16795396805
2.16695809364
2.17683982849
2.16610407829
2.18226099014
2.17018604279
2.18225693703
2.18451809883
2.20216679573
2.21429777145
2.20617318153
2.19914698601
2.20544910431
2.1968729496
2.19857788086
2.19917297363
2.20542192459
2.21009802818
2.21443200111
2.20249414444
2.22494006157
2.2175951004
2.22483205795
2.21929717064
2.23231887817
2.21994495392
2.23949193954
2.23961400986
2.63090610504
2.37905693054
2.48783898354
2.23686695099
2.24763607979
2.24126195908
2.26547503471
2.25266885757
2.26375794411
2.25333809853
2.26652002335
2.26200079918
2.27743506432
2.26389098167
2.27552008629
2.27211904526
2.27971792221
2.28610420227
2.28817987442
2.28975105286
2.30133080482
2.28990793228
2.29948496819
2.28991699219
2.3047580719
2.30049014091
2.31096982956
2.30219602585
2.32729196548
2.3072578907
2.31641793251
2.3129119873
2.32896518707
2.32283115387
2.33224415779
2.32854509354
2.33618688583
2.33105707169
2.34880304337
2.35032916069
2.3574051857
2.34321594238
2.35336899757
2.3490319252
2.38826394081
2.38009500504
2.40211510658
2.368019104
2.38391208649
2.37913799286
2.37790298462
2.38024997711
2.38687396049
2.38438200951
2.43607997894
2.41350317001
2.39754796028
2.39344191551
2.40340685844
2.39741897583
2.41191911697
2.46714615822
2.43342995644
2.42408800125
2.48093891144
2.41395497322
2.42002892494
2.4427189827
2.47199106216
2.51084780693
2.48116397858
2.47464799881
2.4764509201
2.45203614235
2.70943403244
2.46387505531
2.47309589386
2.6976480484
2.48292994499
2.47955799103
2.48674106598
2.48042201996
2.48810791969
2.48787212372
2.50280308723
2.50005602837
2.48302507401
2.47432184219
2.49083089828
2.48857498169
2.81419897079
2.51690816879
2.52376699448
2.51170110703
2.52665281296
2.53922200203
2.52704787254
2.50976514816
2.51442313194
2.51211190224
2.52722907066
2.5212199688
2.58351683617
2.66042089462
2.55923604965
2.54863405228
2.6687541008
2.69667100906
2.58012008667
2.56000590324
2.57243299484
2.5500190258
2.5617210865
2.56033992767
2.60470604897
2.57215881348
2.58068323135
2.57020115852
2.59073591232
2.5798830986
2.58282494545
2.57792687416
2.58848810196
2.5858309269
2.59749007225
2.60973405838
2.60938215256
2.59540009499
2.61198711395
2.60368800163
2.6129989624
2.61231398582
2.62652277946
2.62054395676
2.63139486313
2.62775278091
2.63504719734
2.63330388069
2.64709496498
2.63400101662
2.64838790894
2.64218306541
2.65382480621
2.64947891235
2.67204093933
2.65952301025
2.66710400581
2.65972399712
2.67871499062
2.66952300072
2.6869468689
2.67587614059
2.69764089584
2.68861699104
2.69905090332
2.68244099617
2.72254395485
2.71851396561
2.7147898674
2.69931697845
2.7188680172
2.70250988007
2.72272896767
2.72069787979
2.72815299034
2.71837306023
2.73361182213
2.7265689373
2.74114704132
2.72658896446
2.74622893333
2.73520684242
2.74557113647
2.74698591232
2.85213303566
2.75665187836
2.78071808815
2.76338481903
2.78193998337
2.76810693741
2.78530192375
2.77013206482
2.78826713562
2.792304039
2.80202388763
2.78740906715
2.7948141098
2.78887104988
2.81167316437
2.79333496094
2.81010293961
2.80471420288
2.81574988365
2.79891109467
2.83329200745
2.81070804596
2.82964992523
2.83065915108
2.83601784706
2.81621599197
2.8488650322
2.82850694656
2.8570690155
2.83051896095
2.85406112671
2.83671188354
2.86667490005
2.84580206871
2.87221193314
2.85353112221
2.86757183075
2.85413503647
2.87820601463
2.8594520092
2.8958671093
2.88604807854
2.9016699791
2.89376688004
2.95671415329
2.88747906685
2.90686488152
2.89325809479
2.91345310211
2.94961118698
2.92302513123
2.9196908474
2.92182588577
2.91164398193
2.92633986473
2.93038702011
2.93806099892
2.92619013786
2.94231295586
2.92859506607
2.99882388115
2.93224406242
2.95380687714
2.93964910507
2.9686229229
2.96000003815
2.97630906105
3.00352811813
3.18965601921
2.97601795197
2.98214888573
2.96802806854
3.04688286781
3.30538415909
2.99698209763
2.98570609093
3.01729202271
3.48921608925
3.00342488289
3.30860304832
3.05061197281
3.27957606316
3.02972698212
2.97803997993
2.98389196396
2.97923898697
2.99367117882
3.0066318512
3.09668207169
3.07229185104
3.14449620247
3.05663108826
3.40864014626
3.25773906708
3.08378100395
3.15945506096
3.08732104301
3.06431102753
3.08802700043
3.07884192467
3.09649205208
3.09638810158
3.10030007362
3.09086298943
