1.430511474609375e-06
5.4836273193359375e-06
1.8835067749023438e-05
1.5735626220703125e-05
3.0040740966796875e-05
4.2438507080078125e-05
5.459785461425781e-05
6.198883056640625e-05
9.584426879882812e-05
9.274482727050781e-05
0.00010609626770019531
8.869171142578125e-05
0.00014328956604003906
0.0001380443572998047
0.0001735687255859375
0.0001964569091796875
0.00023365020751953125
0.0002269744873046875
0.00026798248291015625
0.0002532005310058594
0.00025725364685058594
0.0002911090850830078
0.0002884864807128906
0.00032067298889160156
0.00032711029052734375
0.0002837181091308594
0.0004024505615234375
0.000469207763671875
0.00046825408935546875
0.0004482269287109375
0.0005002021789550781
0.0005159378051757812
0.0006623268127441406
0.0005476474761962891
0.0006337165832519531
0.0005831718444824219
0.0006475448608398438
0.0006413459777832031
0.0006854534149169922
0.0008001327514648438
0.0008032321929931641
0.0006034374237060547
0.0007636547088623047
0.0007448196411132812
0.0007541179656982422
0.000835418701171875
0.00087738037109375
0.0007772445678710938
0.0009145736694335938
0.000812530517578125
0.0008661746978759766
0.0010900497436523438
0.0011508464813232422
0.001161336898803711
0.001088857650756836
0.0009710788726806641
0.0012252330780029297
0.001081228256225586
0.0011501312255859375
0.0012314319610595703
0.001207590103149414
0.0011110305786132812
0.0013346672058105469
0.0013134479522705078
0.001573801040649414
0.001474618911743164
0.0015671253204345703
0.0014259815216064453
0.0014464855194091797
0.001550912857055664
0.0016558170318603516
0.0014758110046386719
0.001659393310546875
0.0016758441925048828
0.0017628669738769531
0.0015494823455810547
0.0017902851104736328
0.0019459724426269531
0.002084016799926758
0.0020678043365478516
0.0018999576568603516
0.002207040786743164
0.0020492076873779297
0.0021393299102783203
0.0020804405212402344
0.0022287368774414062
0.0018873214721679688
0.002397775650024414
0.002071380615234375
0.002018451690673828
0.002280712127685547
0.0023365020751953125
0.002187490463256836
0.0023877620697021484
0.002474546432495117
0.0023839473724365234
0.0026717185974121094
0.002529621124267578
0.002292633056640625
0.002859354019165039
0.0024290084838867188
0.002286195755004883
0.002816915512084961
0.003200054168701172
0.0033159255981445312
0.0036745071411132812
0.0029888153076171875
0.0030858516693115234
0.0031538009643554688
0.002714395523071289
0.0032699108123779297
0.0028836727142333984
0.0037534236907958984
0.002891063690185547
0.0033011436462402344
0.0033469200134277344
0.0034208297729492188
0.0031974315643310547
0.0034685134887695312
0.0027561187744140625
0.0036182403564453125
0.003145933151245117
0.0032806396484375
0.004117727279663086
0.003901243209838867
0.003126382827758789
0.003658771514892578
0.004073381423950195
0.004713296890258789
0.004133701324462891
0.003688335418701172
0.003680706024169922
0.004026651382446289
0.004164457321166992
0.004304409027099609
0.004384279251098633
0.0040874481201171875
0.003898143768310547
0.004024505615234375
0.003589630126953125
0.004403829574584961
0.004389524459838867
0.004553556442260742
0.004367351531982422
0.004546165466308594
0.0042188167572021484
0.004300355911254883
0.004775285720825195
0.0047376155853271484
0.0043032169342041016
0.00456547737121582
0.005095958709716797
0.005299091339111328
0.004915714263916016
0.0051496028900146484
0.005948066711425781
0.005388498306274414
0.005723476409912109
0.005083799362182617
0.00563812255859375
0.005475282669067383
0.004441261291503906
0.005605936050415039
0.005245208740234375
0.005393028259277344
0.0057070255279541016
0.005375385284423828
0.004845857620239258
0.0063953399658203125
0.004876613616943359
0.005234241485595703
0.0060803890228271484
0.005046367645263672
0.005673885345458984
0.005820751190185547
0.005255699157714844
0.006028175354003906
0.004985332489013672
0.005575418472290039
0.005240440368652344
0.006858348846435547
0.007177114486694336
0.005850076675415039
0.0062830448150634766
0.006518363952636719
0.005689144134521484
0.006074666976928711
0.005994081497192383
0.0057392120361328125
0.0063974857330322266
0.0064542293548583984
0.00553584098815918
0.006642818450927734
0.006430149078369141
0.00621342658996582
0.007251262664794922
0.0066759586334228516
0.006666660308837891
0.006851673126220703
0.005730628967285156
0.0062255859375
0.0073010921478271484
0.0065648555755615234
0.006181478500366211
0.007020235061645508
0.00863504409790039
0.007553815841674805
0.007564067840576172
0.008338451385498047
0.008421897888183594
0.008436918258666992
0.009613275527954102
0.007941246032714844
0.007320880889892578
0.008639097213745117
0.008534431457519531
0.007889270782470703
0.00863194465637207
0.008963584899902344
0.009131669998168945
0.008487701416015625
0.007573604583740234
0.007905721664428711
0.007207632064819336
0.008947610855102539
0.007675647735595703
0.008842229843139648
0.008519172668457031
0.007016420364379883
0.008649110794067383
0.008791208267211914
0.009131431579589844
0.009355306625366211
0.007996559143066406
0.008829355239868164
0.008101224899291992
0.008392810821533203
0.008394241333007812
0.007954597473144531
0.00896310806274414
0.008965730667114258
0.008352994918823242
0.008753299713134766
0.010090112686157227
0.009429216384887695
0.008674383163452148
0.009672880172729492
0.009021759033203125
0.009418725967407227
0.008602380752563477
0.009385824203491211
0.00921177864074707
0.009493827819824219
0.00875401496887207
0.009273290634155273
0.010042428970336914
0.010990142822265625
0.011134624481201172
0.010708332061767578
0.010593652725219727
0.00979757308959961
0.009806394577026367
0.011128664016723633
0.009708166122436523
0.010265827178955078
0.010331392288208008
0.010302066802978516
0.009952783584594727
0.011462926864624023
0.009159326553344727
0.011344432830810547
0.009860754013061523
0.01054835319519043
0.01038360595703125
0.011154413223266602
0.011184930801391602
0.010711431503295898
0.011199235916137695
0.010922908782958984
0.010040760040283203
0.011876344680786133
0.010843753814697266
0.01197504997253418
0.011763811111450195
0.01164865493774414
0.011077165603637695
0.011126279830932617
0.010610818862915039
0.01242971420288086
0.011178731918334961
0.012109994888305664
0.011339664459228516
0.011661529541015625
0.011288642883300781
0.01233983039855957
0.011203527450561523
0.012454032897949219
0.011090993881225586
0.012043476104736328
0.01118016242980957
0.011326313018798828
0.010609626770019531
0.01184844970703125
0.012115955352783203
0.012079954147338867
0.011389970779418945
0.011877775192260742
0.01190638542175293
0.014295578002929688
0.01515960693359375
0.01706218719482422
0.014569997787475586
0.013463258743286133
0.01503443717956543
0.013677835464477539
0.013211488723754883
0.01527857780456543
0.011352777481079102
0.014586448669433594
0.015096902847290039
0.013104677200317383
0.013576030731201172
0.01306462287902832
0.013103008270263672
0.01364278793334961
0.012914657592773438
0.013531684875488281
0.014500856399536133
0.013954401016235352
0.011940956115722656
0.01361083984375
0.013061761856079102
0.012320518493652344
0.013508081436157227
0.014004230499267578
0.012678384780883789
0.012905359268188477
0.013581037521362305
0.0130462646484375
0.014042377471923828
0.012987375259399414
0.012633800506591797
0.014464616775512695
0.013852357864379883
0.013523101806640625
0.014850854873657227
0.0123443603515625
0.01388692855834961
0.01480865478515625
0.014610528945922852
0.01382589340209961
0.015433311462402344
0.014718770980834961
0.011737823486328125
0.014435529708862305
0.015024900436401367
0.013838768005371094
0.014279603958129883
0.013479948043823242
0.014928340911865234
0.01609635353088379
0.017247915267944336
0.015411376953125
0.016269207000732422
0.015384674072265625
0.014627933502197266
0.01461029052734375
0.015350341796875
0.014581441879272461
0.015472888946533203
0.01424098014831543
0.014735937118530273
0.015523910522460938
0.016193151473999023
0.014470577239990234
0.01564502716064453
0.014373540878295898
0.014801979064941406
0.015934467315673828
0.0155029296875
0.014243125915527344
0.015434741973876953
0.014957427978515625
0.014629364013671875
0.016712427139282227
0.016932249069213867
0.01636028289794922
0.016564369201660156
0.01519155502319336
0.015217304229736328
0.017751216888427734
0.015859603881835938
0.015332937240600586
0.01719975471496582
0.015314817428588867
0.01550149917602539
0.016465187072753906
0.016735076904296875
0.015371084213256836
0.017165660858154297
0.016736745834350586
0.015685081481933594
0.016363143920898438
0.01523590087890625
0.015278816223144531
0.015486717224121094
0.017145633697509766
0.03252863883972168
0.017536401748657227
0.015480279922485352
0.02062201499938965
0.024372339248657227
0.01949167251586914
0.016861677169799805
0.021153926849365234
0.025307893753051758
0.02009868621826172
0.018669605255126953
0.019847869873046875
0.020174503326416016
0.019038677215576172
0.018370866775512695
0.020235776901245117
0.016496896743774414
0.019109487533569336
0.0194549560546875
0.018584489822387695
0.01935720443725586
0.01898813247680664
0.019032716751098633
0.017979860305786133
0.018537044525146484
0.0200655460357666
0.01949787139892578
0.020343780517578125
0.024384498596191406
0.019437313079833984
0.01801276206970215
0.021063566207885742
0.022074460983276367
0.020444631576538086
0.020398616790771484
0.019476890563964844
0.01758289337158203
0.022069215774536133
0.021915197372436523
0.02763199806213379
0.019657135009765625
0.02143263816833496
0.017917633056640625
0.019948244094848633
0.020233869552612305
0.020159006118774414
0.01632070541381836
0.02087235450744629
0.01952338218688965
0.019418001174926758
0.02010345458984375
0.01964879035949707
0.020554542541503906
0.02110457420349121
0.020583152770996094
0.023243427276611328
0.02246403694152832
0.022474050521850586
0.01956963539123535
0.022237300872802734
0.02210855484008789
0.019028663635253906
0.019705533981323242
0.02072453498840332
0.02235269546508789
0.02081751823425293
0.018880844116210938
0.02062058448791504
0.021419763565063477
0.02257680892944336
0.019889116287231445
0.021553993225097656
0.019305706024169922
0.022576570510864258
0.02046990394592285
0.020617961883544922
0.019623756408691406
0.024036884307861328
0.021155357360839844
0.0224456787109375
0.022127866744995117
0.02209925651550293
0.021402835845947266
0.019095182418823242
0.02208733558654785
0.022385120391845703
0.020272254943847656
0.022124052047729492
0.02152538299560547
0.023685693740844727
0.0208895206451416
0.020486831665039062
0.02196216583251953
0.023064136505126953
0.021490097045898438
0.022463321685791016
0.0217893123626709
0.023909330368041992
0.02213764190673828
0.021637439727783203
0.02236461639404297
0.021014928817749023
0.02043008804321289
0.022442340850830078
0.022008419036865234
0.03101825714111328
0.02716660499572754
0.0280916690826416
0.028038978576660156
0.026746511459350586
0.024719953536987305
0.027088642120361328
0.023924589157104492
0.02437615394592285
0.023712635040283203
0.02515268325805664
0.02543354034423828
0.024878263473510742
0.023619413375854492
0.024495363235473633
0.022939443588256836
0.026582002639770508
0.02445220947265625
0.02487945556640625
0.02461099624633789
0.025087356567382812
0.02443242073059082
0.02438664436340332
0.023177623748779297
0.02545642852783203
0.02400040626525879
0.024363040924072266
0.024686098098754883
0.02568197250366211
0.0243685245513916
0.023761510848999023
0.025313138961791992
0.025458812713623047
0.0236971378326416
0.024440288543701172
0.023510456085205078
0.02521800994873047
0.0252077579498291
0.025982141494750977
0.023397445678710938
0.02736830711364746
0.02561664581298828
0.027215003967285156
0.02542424201965332
0.024968385696411133
0.025442838668823242
0.024791479110717773
0.02314925193786621
0.02621769905090332
0.025558948516845703
0.026546716690063477
0.02449965476989746
0.027965068817138672
0.027862071990966797
0.028913497924804688
0.027914762496948242
0.026584863662719727
0.02650737762451172
0.026415586471557617
0.025806427001953125
0.026606082916259766
0.025918006896972656
0.026870012283325195
0.027554750442504883
0.029397010803222656
0.025981664657592773
0.028180599212646484
0.025232791900634766
0.027965545654296875
0.02575993537902832
0.028316020965576172
0.026784420013427734
0.028415203094482422
0.027622699737548828
0.027204513549804688
0.02779245376586914
0.028047800064086914
0.02800774574279785
0.02719569206237793
0.027358531951904297
0.028562307357788086
0.02838611602783203
0.028792142868041992
0.029372692108154297
0.028361082077026367
0.02811288833618164
0.0285184383392334
0.027281761169433594
0.03073859214782715
0.029561519622802734
0.028299808502197266
0.026695728302001953
0.030689716339111328
0.0290377140045166
0.0285336971282959
0.027966737747192383
0.030148744583129883
0.027335643768310547
0.0281827449798584
0.027765512466430664
0.027863025665283203
0.027971506118774414
0.029159069061279297
0.03650927543640137
0.03567075729370117
0.03390145301818848
0.03498506546020508
0.036566734313964844
0.03291654586791992
0.03240537643432617
0.03656172752380371
0.030928611755371094
0.03033304214477539
0.03373241424560547
0.032936811447143555
0.03254103660583496
0.030375957489013672
0.025602102279663086
0.03168344497680664
0.03127288818359375
0.030248165130615234
0.03199267387390137
0.03345680236816406
0.026366233825683594
0.031203746795654297
0.03141641616821289
0.029791593551635742
0.03164076805114746
0.03429436683654785
0.02812361717224121
0.03246712684631348
0.03280496597290039
0.02968120574951172
0.03134465217590332
0.031575679779052734
0.028736114501953125
0.03111433982849121
0.03169441223144531
0.03003716468811035
0.03350543975830078
0.030013084411621094
0.02750682830810547
0.030747413635253906
0.0306549072265625
0.029464244842529297
0.03183937072753906
0.033127784729003906
0.03249502182006836
0.03200984001159668
0.032077789306640625
0.03167390823364258
0.03101658821105957
0.03315019607543945
0.027801513671875
0.03126025199890137
0.036362648010253906
0.03355216979980469
0.03264141082763672
0.03330373764038086
0.028664827346801758
0.03431200981140137
0.031989336013793945
0.03044271469116211
0.0335087776184082
0.02979445457458496
0.029380083084106445
0.03457379341125488
0.03070998191833496
0.03223681449890137
0.033942222595214844
0.02899956703186035
0.031160593032836914
0.03261995315551758
0.03161358833312988
0.03269481658935547
0.03142809867858887
0.034982919692993164
0.03032994270324707
0.03472781181335449
0.03321957588195801
0.03230428695678711
0.034798622131347656
0.034914493560791016
0.03011608123779297
0.03456258773803711
0.030710220336914062
0.03113245964050293
0.034610748291015625
0.03215956687927246
0.03150534629821777
0.03502345085144043
0.03148984909057617
0.03435659408569336
0.03277325630187988
0.03409576416015625
0.03152823448181152
0.03357338905334473
0.03340482711791992
0.030145883560180664
0.029376745223999023
0.03512072563171387
0.03054499626159668
0.036063432693481445
0.03267073631286621
0.03286480903625488
0.03786754608154297
0.04257512092590332
0.0393679141998291
0.039103031158447266
0.037545204162597656
0.03749680519104004
0.03851604461669922
0.03302907943725586
0.03493309020996094
0.038205623626708984
0.03528261184692383
0.03502225875854492
0.04002809524536133
0.03524017333984375
0.03139948844909668
0.037581682205200195
0.033017635345458984
0.033350467681884766
0.03731989860534668
0.036551713943481445
0.03394913673400879
0.0354917049407959
0.03449201583862305
0.034239768981933594
0.03668642044067383
0.03560304641723633
0.0348052978515625
0.0370330810546875
0.03538012504577637
0.03440666198730469
0.03807377815246582
0.03412604331970215
0.033538103103637695
0.0351710319519043
0.03325009346008301
0.03536844253540039
0.037480831146240234
0.03328824043273926
0.03572201728820801
0.03805828094482422
0.03708767890930176
0.03456234931945801
0.03436422348022461
0.03484058380126953
0.0343632698059082
0.03734278678894043
0.03546738624572754
0.0366206169128418
0.036989450454711914
0.03292536735534668
0.03580784797668457
0.0442202091217041
0.039151668548583984
0.037598371505737305
0.042600393295288086
0.039505720138549805
0.03793787956237793
0.03951668739318848
0.0382692813873291
0.03745102882385254
0.04034018516540527
0.03946089744567871
0.03496503829956055
0.039288997650146484
0.036527395248413086
0.03712773323059082
0.03866457939147949
0.03821849822998047
0.03786277770996094
0.03907060623168945
0.03400850296020508
0.03772139549255371
0.038840293884277344
0.0372922420501709
0.037755727767944336
0.04131507873535156
0.03921151161193848
0.03894233703613281
0.05230975151062012
0.04416179656982422
0.04107475280761719
0.041361331939697266
0.040454864501953125
0.039293527603149414
0.034796714782714844
0.03990459442138672
0.03841376304626465
0.04095911979675293
0.03771829605102539
0.03816103935241699
0.038984060287475586
0.034844398498535156
0.038048505783081055
0.04101896286010742
0.03822803497314453
0.039376258850097656
0.04205060005187988
0.03720712661743164
0.03837394714355469
0.04082179069519043
0.039893388748168945
0.03905463218688965
0.04026508331298828
0.05162477493286133
0.05289578437805176
0.05524277687072754
0.04753422737121582
0.04787492752075195
0.053730010986328125
0.046751976013183594
0.05113625526428223
0.04646754264831543
0.04457354545593262
0.04663991928100586
0.04581475257873535
0.046697139739990234
0.04615211486816406
0.044489145278930664
0.050280094146728516
0.044495344161987305
0.04364824295043945
0.0460658073425293
0.04491591453552246
0.04583930969238281
0.043298959732055664
0.04302811622619629
0.045533180236816406
0.04780435562133789
0.03793668746948242
0.04552793502807617
0.045267343521118164
0.04588937759399414
0.04016828536987305
0.046468257904052734
0.04736518859863281
0.04242563247680664
0.043477535247802734
0.0442814826965332
0.041057586669921875
0.04434013366699219
0.04553389549255371
0.042624711990356445
0.04607987403869629
0.04421091079711914
0.037549495697021484
0.04477572441101074
0.04240155220031738
0.0467984676361084
0.03928518295288086
0.04343748092651367
0.04462862014770508
0.045336008071899414
0.04365897178649902
0.04644918441772461
0.04900646209716797
0.04922342300415039
0.04817700386047363
0.0453028678894043
0.04244732856750488
0.04643368721008301
0.03935551643371582
0.04272031784057617
0.0448460578918457
0.04806995391845703
0.04277205467224121
0.04572892189025879
0.047385454177856445
0.062473297119140625
0.046777963638305664
0.0465543270111084
0.0418543815612793
0.051822662353515625
0.08676719665527344
0.05456280708312988
0.04263710975646973
0.04530668258666992
0.041235923767089844
0.043013572692871094
0.04362750053405762
0.05005168914794922
0.044922590255737305
0.04701352119445801
0.04777169227600098
0.04593467712402344
0.04210495948791504
0.04806160926818848
0.04609084129333496
0.04804277420043945
0.04341626167297363
0.047490596771240234
0.0461881160736084
0.04465341567993164
0.0437774658203125
0.046271562576293945
0.04601645469665527
0.04843258857727051
0.04631519317626953
0.047019243240356445
0.044782400131225586
0.04608798027038574
0.04490232467651367
0.0457768440246582
0.04590320587158203
0.04870152473449707
0.04814624786376953
0.05134701728820801
0.0510563850402832
0.049097299575805664
0.047611236572265625
0.054262399673461914
0.049753427505493164
0.050063133239746094
0.04230856895446777
0.052243709564208984
0.049640655517578125
0.04717302322387695
0.04440474510192871
0.0511317253112793
0.04649829864501953
0.04925966262817383
0.04609179496765137
0.047271728515625
0.04741096496582031
0.05035829544067383
0.04515647888183594
0.04854846000671387
0.050514936447143555
0.05012941360473633
0.04508686065673828
0.0499417781829834
0.04251599311828613
0.051667213439941406
0.04495596885681152
0.07008862495422363
0.059026479721069336
0.06113910675048828
0.04956340789794922
0.0490727424621582
0.047699689865112305
0.04734992980957031
0.04646420478820801
0.050749778747558594
0.048480987548828125
0.05147194862365723
0.045862674713134766
0.0498957633972168
0.04772162437438965
0.05005931854248047
0.0450136661529541
0.052371978759765625
0.05027937889099121
0.05042886734008789
0.04544377326965332
0.04963278770446777
0.04669690132141113
0.05146050453186035
0.05226492881774902
0.05184197425842285
0.05337333679199219
0.05375099182128906
0.04993247985839844
0.058645009994506836
0.05583977699279785
0.05357098579406738
0.04828047752380371
0.05192112922668457
0.048089027404785156
0.05340147018432617
0.05028510093688965
0.0520329475402832
0.053440093994140625
0.04785585403442383
0.050157785415649414
0.05159640312194824
0.05516958236694336
0.05180788040161133
0.05047321319580078
0.05112314224243164
0.05176544189453125
0.05077385902404785
0.04912877082824707
0.05239415168762207
0.05056929588317871
0.05254673957824707
0.049603939056396484
0.05441737174987793
0.052561283111572266
0.05349159240722656
0.051868438720703125
0.05368471145629883
0.049309492111206055
0.057305097579956055
0.05298590660095215
0.05137753486633301
0.05119752883911133
0.05373239517211914
0.04903244972229004
0.05078291893005371
0.04834485054016113
0.0544588565826416
0.04783225059509277
0.05381298065185547
0.047860145568847656
0.054901838302612305
0.05089688301086426
0.05030035972595215
0.05202960968017578
0.07855582237243652
0.07001972198486328
0.07356381416320801
0.06879401206970215
0.06368780136108398
0.06394529342651367
0.06701302528381348
0.05727839469909668
0.0627889633178711
0.05866837501525879
0.06104135513305664
0.05869746208190918
0.06142568588256836
0.05557107925415039
0.05630040168762207
0.05476856231689453
0.058405160903930664
0.055493831634521484
0.058493852615356445
0.06110095977783203
0.06122422218322754
0.05698108673095703
0.0606684684753418
0.059653520584106445
0.06068158149719238
0.05613207817077637
0.05738353729248047
0.05869460105895996
0.05782675743103027
0.05521655082702637
0.05779385566711426
0.057367801666259766
0.05802464485168457
0.05528426170349121
0.05189847946166992
0.05515241622924805
0.05830740928649902
0.05845284461975098
0.05894589424133301
0.05716514587402344
0.058284759521484375
0.056855201721191406
0.05955147743225098
0.05554938316345215
0.05859732627868652
0.0564417839050293
0.05989885330200195
0.058228492736816406
0.061235666275024414
0.056433677673339844
0.0637974739074707
0.05592632293701172
0.060967445373535156
0.0609889030456543
0.06446027755737305
0.05996823310852051
0.057659149169921875
0.057965993881225586
0.05675339698791504
0.05801653861999512
0.056966304779052734
0.05867362022399902
0.06042885780334473
0.058722496032714844
0.060254812240600586
0.05743598937988281
0.05919170379638672
0.056870222091674805
0.05909919738769531
0.056301116943359375
0.0610814094543457
0.05548596382141113
0.06144452095031738
0.055590152740478516
0.05877947807312012
0.05805373191833496
0.06227827072143555
0.056819915771484375
0.06080174446105957
0.06127786636352539
0.06424593925476074
0.058823347091674805
0.0685873031616211
0.05698442459106445
0.05950570106506348
0.05598020553588867
0.060240983963012695
0.0593419075012207
0.05820035934448242
0.057602643966674805
0.05759143829345703
0.05776667594909668
0.06032609939575195
0.05632829666137695
0.05581927299499512
0.05680727958679199
0.06432938575744629
0.059034109115600586
0.05651068687438965
0.05724954605102539
0.06041431427001953
0.059369802474975586
0.05957770347595215
0.0686647891998291
0.06718778610229492
0.06463384628295898
0.06822037696838379
0.06400632858276367
0.06599569320678711
0.060431718826293945
0.05868077278137207
0.0640413761138916
0.059990644454956055
0.06041288375854492
0.06482362747192383
0.061348676681518555
0.0592341423034668
0.06093621253967285
0.06377553939819336
0.0598146915435791
0.06021475791931152
0.06042361259460449
0.06290698051452637
0.058626413345336914
0.05884528160095215
0.061412811279296875
0.06343293190002441
0.06289911270141602
0.06682729721069336
0.05439281463623047
0.07782292366027832
0.06512880325317383
0.06568050384521484
0.06424450874328613
0.061345815658569336
0.06408929824829102
0.06395268440246582
0.06170916557312012
0.06236076354980469
0.060912370681762695
0.06274080276489258
0.06036686897277832
0.06200671195983887
0.06167030334472656
0.06537652015686035
0.06027388572692871
0.0614473819732666
0.06302690505981445
0.0643162727355957
0.06117701530456543
0.0662679672241211
0.06028866767883301
0.06465959548950195
0.06233978271484375
0.06701421737670898
0.06225085258483887
0.0667719841003418
0.05868339538574219
0.06615376472473145
0.06400918960571289
0.06592535972595215
0.059685707092285156
0.061969757080078125
0.060988664627075195
0.06573629379272461
0.06367206573486328
0.06752705574035645
0.06528282165527344
0.06325030326843262
0.06438088417053223
0.06336808204650879
0.06162595748901367
0.06682968139648438
0.0585627555847168
0.06734514236450195
0.0668790340423584
0.06748771667480469
0.061208486557006836
0.06522369384765625
0.06630849838256836
0.06422638893127441
0.06400465965270996
0.06451630592346191
0.06651043891906738
0.06613802909851074
0.0665273666381836
0.06299710273742676
0.06512117385864258
0.06648421287536621
0.06129169464111328
0.06914925575256348
0.0609591007232666
0.07110428810119629
0.06610226631164551
0.07090425491333008
0.0614013671875
0.0664815902709961
0.06667113304138184
0.06961512565612793
0.06577706336975098
0.06592369079589844
0.06089329719543457
0.06582808494567871
0.06436514854431152
0.06335139274597168
0.08814311027526855
0.10621166229248047
0.09041643142700195
0.08550524711608887
0.08619880676269531
0.08039999008178711
0.08512759208679199
0.07614660263061523
0.08510518074035645
0.07353353500366211
0.07947301864624023
0.0936279296875
0.07715582847595215
0.07989501953125
0.0783243179321289
0.08141493797302246
0.0765085220336914
0.07351064682006836
0.0760793685913086
0.07398080825805664
0.07812190055847168
0.07077789306640625
0.07415628433227539
0.07254672050476074
0.06620407104492188
0.0749814510345459
0.07062458992004395
0.07380127906799316
0.07640314102172852
0.06912589073181152
0.07003641128540039
0.07845544815063477
0.07778668403625488
0.06807732582092285
0.0733957290649414
0.07134246826171875
0.07226347923278809
0.07329511642456055
0.0780479907989502
0.06898880004882812
0.07746481895446777
0.07697153091430664
0.07666659355163574
0.08105778694152832
0.07211041450500488
0.07809829711914062
0.13616657257080078
0.1394515037536621
0.12489533424377441
0.07448863983154297
0.08169007301330566
0.07619190216064453
0.07568144798278809
0.07341456413269043
0.07120013236999512
0.0781698226928711
0.07568693161010742
0.07375478744506836
0.0707855224609375
0.07423138618469238
0.06496644020080566
0.07370734214782715
0.07170796394348145
0.07141256332397461
0.07139968872070312
0.0722353458404541
0.06734228134155273
0.07479143142700195
0.07637166976928711
0.07168149948120117
0.07789921760559082
0.07309818267822266
0.0648496150970459
0.07273721694946289
0.0706479549407959
0.07562875747680664
0.07539129257202148
0.07447576522827148
0.06844663619995117
0.07421588897705078
0.06908941268920898
0.07319211959838867
0.06962776184082031
0.07908391952514648
0.0690460205078125
0.07379508018493652
0.07590818405151367
0.06957340240478516
0.07644796371459961
0.07497572898864746
0.06870126724243164
0.07758116722106934
0.07320904731750488
0.0722815990447998
0.07581377029418945
0.07580351829528809
0.06729388236999512
0.07442855834960938
0.07441401481628418
0.07282185554504395
0.07382392883300781
0.07238364219665527
0.07352042198181152
0.08272409439086914
0.08426499366760254
0.08286786079406738
0.08313465118408203
0.07740163803100586
0.07555007934570312
0.07709217071533203
0.07377505302429199
0.07702350616455078
0.08192014694213867
0.07319211959838867
0.0723428726196289
0.07674431800842285
0.07224702835083008
0.07267141342163086
0.07330060005187988
0.07441926002502441
0.07064414024353027
0.07554817199707031
0.07279133796691895
0.07346200942993164
0.0830373764038086
0.07529830932617188
0.0712282657623291
0.08482813835144043
0.0773766040802002
0.07761883735656738
0.07636594772338867
0.07771015167236328
0.07356429100036621
0.08584451675415039
0.08207845687866211
0.07461905479431152
0.08233380317687988
0.08170342445373535
0.0709993839263916
0.08308911323547363
0.07964658737182617
0.07193779945373535
0.07911849021911621
0.07981371879577637
0.06605029106140137
0.08131527900695801
0.08357429504394531
0.0772085189819336
0.08211398124694824
0.07847929000854492
0.07236266136169434
0.0797879695892334
0.08216500282287598
0.08738112449645996
0.08652949333190918
0.07972455024719238
0.0755763053894043
0.08112597465515137
0.07935523986816406
0.08543276786804199
0.08428621292114258
0.08475089073181152
0.07790541648864746
0.08666539192199707
0.08616113662719727
0.07666945457458496
0.0837714672088623
0.07612204551696777
0.07151222229003906
0.08208966255187988
0.07720017433166504
0.07722210884094238
0.08327651023864746
0.08418703079223633
0.07273411750793457
0.07989358901977539
0.07779121398925781
0.0786278247833252
0.08097171783447266
0.08701848983764648
0.07048439979553223
0.07746553421020508
0.08121705055236816
0.06853628158569336
0.07813477516174316
0.08098363876342773
0.06900954246520996
0.08198666572570801
0.07856464385986328
0.07635498046875
0.07710003852844238
0.07502341270446777
0.06971144676208496
0.07981419563293457
0.07506656646728516
0.07572722434997559
0.07880830764770508
0.07878756523132324
0.0778658390045166
0.07913756370544434
0.08019566535949707
0.07483339309692383
0.08024358749389648
0.07463502883911133
0.07166004180908203
0.0921320915222168
0.09329056739807129
0.09479022026062012
0.09626150131225586
0.09061431884765625
0.09634757041931152
0.09002089500427246
0.07962584495544434
0.08336567878723145
0.09068679809570312
0.09488582611083984
0.0745704174041748
0.08926129341125488
0.08453083038330078
0.07802128791809082
0.08382582664489746
0.08562326431274414
0.07529020309448242
0.08033204078674316
0.08494281768798828
0.08275842666625977
0.08777761459350586
0.0837557315826416
0.0876624584197998
0.0881810188293457
0.08323144912719727
0.07965850830078125
0.08285212516784668
0.07618451118469238
0.07912468910217285
0.08794260025024414
0.08390307426452637
0.07540559768676758
0.08393406867980957
0.08097720146179199
0.078369140625
0.08454298973083496
0.07644987106323242
0.08307552337646484
0.07673311233520508
0.07975196838378906
0.08067679405212402
0.08116602897644043
0.08078765869140625
0.07986307144165039
0.08193016052246094
0.07817721366882324
0.08512187004089355
0.08675026893615723
0.07777070999145508
0.07884597778320312
0.0863649845123291
0.07980060577392578
0.07595038414001465
0.08662176132202148
0.08479475975036621
0.08204221725463867
0.08440208435058594
0.08065581321716309
0.08009099960327148
0.07849431037902832
0.08727526664733887
0.08043718338012695
0.08357024192810059
0.08063459396362305
0.08031606674194336
0.08300209045410156
0.07514500617980957
0.07884621620178223
0.08674025535583496
0.08206605911254883
0.07814359664916992
0.0856935977935791
0.08366060256958008
0.0792856216430664
0.08645200729370117
0.08415770530700684
0.08111691474914551
0.08525562286376953
0.09253454208374023
0.0694437026977539
0.08307719230651855
0.08634662628173828
0.08110857009887695
0.08581709861755371
0.08400678634643555
0.08204150199890137
0.08151459693908691
0.07706475257873535
0.08274555206298828
0.08852005004882812
0.0856480598449707
0.08159351348876953
0.09079241752624512
0.08682107925415039
0.08077597618103027
0.0875406265258789
0.09144186973571777
0.08110213279724121
0.09379339218139648
0.0897364616394043
0.08236503601074219
0.09846878051757812
0.09307289123535156
0.09648871421813965
0.10080814361572266
0.09396123886108398
0.0950477123260498
0.09164214134216309
0.08454656600952148
0.08685088157653809
0.09628844261169434
0.08721613883972168
0.08659791946411133
0.09312677383422852
0.08543014526367188
0.07968807220458984
0.09011578559875488
0.08952951431274414
0.08305168151855469
0.08992910385131836
0.0845491886138916
0.0807039737701416
0.0875999927520752
0.0871739387512207
0.08446526527404785
0.08434510231018066
0.08163261413574219
0.0846405029296875
0.08973479270935059
0.0769350528717041
0.08308696746826172
0.08772706985473633
0.08701729774475098
0.09055113792419434
0.08708620071411133
0.09021759033203125
0.08563232421875
0.09231901168823242
0.08839702606201172
0.08002686500549316
0.0869607925415039
0.0865931510925293
0.08357357978820801
0.08449673652648926
0.09170722961425781
0.08898329734802246
0.08889985084533691
0.08534789085388184
0.0872342586517334
0.09328293800354004
0.08202862739562988
0.08562278747558594
0.0873866081237793
0.09090518951416016
0.08478164672851562
0.09006667137145996
0.08657121658325195
0.08397698402404785
0.09567689895629883
0.09121417999267578
0.08399319648742676
0.09209227561950684
0.09302687644958496
0.08614253997802734
0.08969926834106445
0.08624410629272461
0.08352541923522949
0.0836038589477539
0.08868789672851562
0.08626246452331543
0.0876922607421875
0.08631014823913574
0.08543896675109863
0.09244489669799805
0.0918738842010498
0.0920097827911377
0.09354996681213379
0.09271693229675293
0.08296751976013184
0.08535337448120117
0.09015154838562012
0.08946609497070312
0.0940096378326416
0.08863973617553711
0.08484101295471191
0.08734345436096191
0.08443880081176758
0.08841848373413086
0.08719921112060547
0.09117746353149414
0.08718109130859375
0.08968639373779297
0.08069372177124023
0.0871896743774414
0.08853650093078613
0.08842182159423828
0.08751583099365234
0.09416842460632324
0.08851480484008789
0.08598470687866211
0.09531259536743164
0.08751845359802246
0.08429765701293945
0.094024658203125
0.13137578964233398
0.12323808670043945
0.13298559188842773
0.11803770065307617
0.14193248748779297
0.13028478622436523
0.10610365867614746
0.1156911849975586
0.12212824821472168
0.10776400566101074
0.1300337314605713
0.12817859649658203
0.14500856399536133
0.10861515998840332
0.10402059555053711
0.10828495025634766
0.10906982421875
0.12017512321472168
0.15041756629943848
0.10033226013183594
0.12201237678527832
0.1096336841583252
0.10782551765441895
0.11026215553283691
0.1267108917236328
0.1052401065826416
0.10224461555480957
0.10471200942993164
0.11098098754882812
0.10397839546203613
0.10771799087524414
0.10620522499084473
0.09482789039611816
0.1007537841796875
0.10854053497314453
0.10216355323791504
0.09665060043334961
0.10160422325134277
0.08738565444946289
0.10418438911437988
0.09604477882385254
0.10196709632873535
0.09937143325805664
0.10355377197265625
0.10464167594909668
0.10152578353881836
0.0935821533203125
0.10109186172485352
0.09737586975097656
0.1116800308227539
0.1016850471496582
0.09386324882507324
0.11767125129699707
0.15688133239746094
0.12304544448852539
0.11492300033569336
0.1163644790649414
0.1239778995513916
0.10303926467895508
0.1152184009552002
0.1334528923034668
0.12552690505981445
0.10959768295288086
0.10091328620910645
0.08246517181396484
0.0994563102722168
0.11169838905334473
0.10232996940612793
0.09620261192321777
0.09862947463989258
0.09533071517944336
0.09720802307128906
0.09708738327026367
0.10577750205993652
0.10135936737060547
0.09798526763916016
0.10122799873352051
0.09842944145202637
0.09037303924560547
0.09919238090515137
0.10120725631713867
0.1039741039276123
0.09989166259765625
0.10218048095703125
0.09617328643798828
0.09936761856079102
0.09343743324279785
0.10607481002807617
0.09737610816955566
0.11250519752502441
0.08937525749206543
0.10521149635314941
0.10471558570861816
0.10402035713195801
0.10186481475830078
0.11004638671875
0.09820032119750977
0.08994388580322266
0.10391354560852051
0.10241174697875977
0.1084146499633789
0.15009117126464844
0.10123515129089355
0.11192035675048828
0.11195158958435059
0.12005496025085449
0.1125187873840332
0.1129603385925293
0.10306668281555176
0.09767866134643555
0.09944653511047363
0.10448479652404785
0.10427999496459961
0.10691618919372559
0.10011792182922363
0.09812736511230469
0.09685492515563965
0.10112786293029785
0.08490204811096191
0.09528517723083496
0.10802006721496582
0.1054680347442627
0.10004854202270508
0.11427569389343262
0.11488580703735352
0.10513758659362793
0.0947117805480957
0.12226533889770508
0.09759521484375
0.09730720520019531
0.09533381462097168
0.10174965858459473
0.09962129592895508
0.10408306121826172
0.09770822525024414
0.09219837188720703
0.09725546836853027
0.10285401344299316
0.10554361343383789
0.11220860481262207
0.10526084899902344
0.0986790657043457
0.08964395523071289
0.10319185256958008
0.0943913459777832
0.10384511947631836
0.09419393539428711
0.0987691879272461
0.10465073585510254
0.10288166999816895
0.09622502326965332
0.1034250259399414
0.09534120559692383
0.1109931468963623
0.10455441474914551
0.10462427139282227
0.09840202331542969
0.10795426368713379
0.10075783729553223
0.1114199161529541
0.10295867919921875
0.10399198532104492
0.0928652286529541
0.10094928741455078
0.10484623908996582
0.14720559120178223
0.17699146270751953
0.11509180068969727
0.09769415855407715
0.10774421691894531
0.09214949607849121
0.10029268264770508
0.10468149185180664
0.10651397705078125
0.08829236030578613
0.1022801399230957
0.10480475425720215
0.09899115562438965
0.09775876998901367
0.09849929809570312
0.10348701477050781
0.10419487953186035
0.09618449211120605
0.10269355773925781
0.10524177551269531
0.1032721996307373
0.09688091278076172
0.09691333770751953
0.10481429100036621
0.10377621650695801
0.09533953666687012
0.10479497909545898
0.10198426246643066
0.09543037414550781
0.09770560264587402
0.10210156440734863
0.10080957412719727
0.10450530052185059
0.09014010429382324
0.10018682479858398
0.17898154258728027
0.1459970474243164
0.10229253768920898
0.10173702239990234
0.09305191040039062
0.12952542304992676
0.12064480781555176
0.13248324394226074
0.11223268508911133
0.11652421951293945
0.11040282249450684
0.10782289505004883
0.10562443733215332
0.12159919738769531
0.1124429702758789
0.11345672607421875
0.11391997337341309
0.11160612106323242
0.10017538070678711
0.09156107902526855
0.09669733047485352
0.10568046569824219
0.10609602928161621
0.10700392723083496
0.10194897651672363
0.10675907135009766
0.0899498462677002
0.11145901679992676
0.11010408401489258
0.1166830062866211
0.09701991081237793
0.10646867752075195
0.13645100593566895
0.19585251808166504
0.13384342193603516
0.10428762435913086
0.10863184928894043
0.10236048698425293
0.09912753105163574
0.1087646484375
0.11170315742492676
0.10448336601257324
0.10518956184387207
0.10293936729431152
0.10332870483398438
0.10220766067504883
0.09643912315368652
0.10483431816101074
0.10001158714294434
0.11433768272399902
0.09932613372802734
0.1066741943359375
0.10134291648864746
0.10552000999450684
0.10460042953491211
0.09867715835571289
0.10735321044921875
0.10206389427185059
0.10592818260192871
0.10886001586914062
0.10953068733215332
0.1115262508392334
0.09560036659240723
0.0966036319732666
0.10370135307312012
0.12449526786804199
0.1948399543762207
0.15764880180358887
0.10305166244506836
0.10699057579040527
0.1034846305847168
0.09097528457641602
0.10515475273132324
0.10412979125976562
0.09904050827026367
0.10200810432434082
0.10387492179870605
0.1027219295501709
0.09285807609558105
0.10172343254089355
0.10401272773742676
0.12193655967712402
0.09969973564147949
0.10149049758911133
0.11277294158935547
0.10971331596374512
0.10869812965393066
0.11659574508666992
0.11777377128601074
0.11410903930664062
0.10269999504089355
0.10556721687316895
0.10887956619262695
0.10611391067504883
0.10010027885437012
0.1087193489074707
0.10752272605895996
0.11169314384460449
0.09313058853149414
0.11178207397460938
0.09884905815124512
0.1078500747680664
0.10494375228881836
0.1125333309173584
0.1164863109588623
0.1159670352935791
0.11061763763427734
0.11461496353149414
0.1204981803894043
0.12242698669433594
0.11287665367126465
0.12437677383422852
0.11933493614196777
0.12011456489562988
0.11403036117553711
0.11614274978637695
0.10440492630004883
0.11588454246520996
0.11232614517211914
0.11037445068359375
0.11003851890563965
0.11308979988098145
0.09251284599304199
0.09791183471679688
0.11186504364013672
0.10852289199829102
0.10200119018554688
0.1138007640838623
0.1109628677368164
0.11787080764770508
0.10629534721374512
0.11958599090576172
0.11295056343078613
0.10553836822509766
0.10639047622680664
0.12150335311889648
0.10718894004821777
0.11222481727600098
0.10740160942077637
0.11085748672485352
0.10452938079833984
0.10524940490722656
0.10475969314575195
0.11214256286621094
0.12201666831970215
0.11458110809326172
0.1072230339050293
0.11078691482543945
0.10230016708374023
0.10787367820739746
0.10304450988769531
0.11417675018310547
0.10448241233825684
0.11524343490600586
0.10269331932067871
0.1130988597869873
0.1140451431274414
0.11678814888000488
0.10897517204284668
0.1165609359741211
0.11536049842834473
0.11631608009338379
